Data_prb = { 
'TRIANGLE'; 
'SI'; 
'2D'; 
'Plane_Stress'; 
'ELASTIC'; 
'MICRO'; 
}; 

coord = [
     1 -5.00000e-01  5.00000e-01  0 
     2 -5.00000e-01  4.00000e-01  0 
     3 -4.46779e-01  4.45770e-01  0 
     4 -4.26550e-01  3.60159e-01  0 
     5 -4.01508e-01  5.00000e-01  0 
     6 -5.00000e-01  3.00000e-01  0 
     7 -3.62081e-01  4.26380e-01  0 
     8 -4.06836e-01  2.67436e-01  0 
     9 -3.39813e-01  3.28519e-01  0 
    10 -9.16069e-02  2.94985e-01  0 
    11 -8.20115e-02  3.44097e-01  0 
    12 -2.83174e-01  4.04587e-01  0 
    13 -2.44481e-01  3.21587e-01  0 
    14 -1.78511e-01  2.72972e-01  0 
    15 -1.45290e-01  3.43652e-01  0 
    16 -3.03016e-01  5.00000e-01  0 
    17 -5.00000e-01  2.00000e-01  0 
    18 -4.06374e-01  1.84460e-01  0 
    19 -2.94081e-01  2.23532e-01  0 
    20 -9.81832e-02  2.06272e-01  0 
    21 -9.87491e-02  3.66826e-01  0 
    22 -7.19678e-02  3.69956e-01  0 
    23 -2.06043e-01  4.08882e-01  0 
    24 -1.90132e-01  1.79520e-01  0 
    25 -1.34253e-01  3.90611e-01  0 
    26 -9.75489e-02  3.90259e-01  0 
    27 -2.19045e-01  5.00000e-01  0 
    28 -5.00000e-01  1.00000e-01  0 
    29 -3.32151e-01  1.25919e-01  0 
    30 -4.09501e-01  9.39133e-02  0 
    31 -2.49922e-01  1.09679e-01  0 
    32 -9.98913e-02  1.03145e-01  0 
    33 -7.71471e-02  3.86060e-01  0 
    34 -6.31160e-02  3.83088e-01  0 
    35 -1.57319e-01  4.41696e-01  0 
    36 -1.68788e-01  7.82148e-02  0 
    37 -1.14909e-01  4.17765e-01  0 
    38 -8.77515e-02  4.07817e-01  0 
    39 -1.62166e-01  5.00000e-01  0 
    40 -4.20913e-01  6.91579e-03  0 
    41 -5.00000e-01 -2.77556e-17  0 
    42 -3.19372e-01  3.08732e-02  0 
    43 -2.07151e-01  7.42083e-03  0 
    44 -1.00000e-01        00000  0 
    45 -6.74906e-02  3.98030e-01  0 
    46 -5.53971e-02  3.90230e-01  0 
    47 -1.14061e-01  4.48704e-01  0 
    48 -8.09452e-02  4.20940e-01  0 
    49 -4.71500e-02  3.94963e-01  0 
    50 -1.20763e-01  5.00000e-01  0 
    51 -3.71542e-01 -7.15237e-02  0 
    52 -5.00000e-01 -1.00000e-01  0 
    53 -2.76017e-01 -4.85783e-02  0 
    54 -1.83109e-01 -8.45235e-02  0 
    55 -9.98896e-02 -1.03512e-01  0 
    56 -6.18639e-02  4.12859e-01  0 
    57 -8.36504e-02  4.47464e-01  0 
    58 -4.91655e-02  4.16192e-01  0 
    59 -3.63733e-02  3.98238e-01  0 
    60 -8.95342e-02  5.00000e-01  0 
    61 -3.87477e-01 -1.63479e-01  0 
    62 -2.77060e-01 -1.39075e-01  0 
    63 -5.00000e-01 -2.00000e-01  0 
    64 -1.88652e-01 -1.80256e-01  0 
    65 -9.81565e-02 -2.07005e-01  0 
    66 -6.24263e-02  4.47551e-01  0 
    67 -4.01890e-02  4.34503e-01  0 
    68 -2.61033e-02  3.99542e-01  0 
    69 -6.00914e-02  5.00000e-01  0 
    70 -2.88888e-01 -2.42194e-01  0 
    71 -4.00650e-01 -2.52477e-01  0 
    72 -5.00000e-01 -3.00000e-01  0 
    73 -1.75413e-01 -2.63843e-01  0 
    74 -9.25279e-02 -2.87539e-01  0 
    75 -2.60139e-02  4.50714e-01  0 
    76 -1.63169e-02  3.99871e-01  0 
    77 -5.00000e-01 -4.00000e-01  0 
    78 -3.07992e-02  5.00000e-01  0 
    79 -2.44519e-01 -3.20891e-01  0 
    80 -3.76949e-01 -3.40761e-01  0 
    81 -1.51991e-01 -3.29748e-01  0 
    82 -8.51986e-02 -3.31740e-01  0 
    83 -7.34282e-03  4.46641e-01  0 
    84        00000  4.00000e-01  0 
    85 -4.36143e-01 -4.29730e-01  0 
    86 -5.00000e-01 -5.00000e-01  0 
    87 -1.08466e-01 -3.50277e-01  0 
    88 -1.57599e-03  5.00000e-01  0 
    89 -1.98138e-01 -3.83475e-01  0 
    90 -2.87025e-01 -3.82657e-01  0 
    91 -3.51864e-01 -4.29741e-01  0 
    92 -1.37694e-01 -3.74200e-01  0 
    93 -7.77783e-02 -3.56935e-01  0 
    94  1.19755e-02  4.46911e-01  0 
    95  1.61642e-02  3.99874e-01  0 
    96 -4.01508e-01 -5.00000e-01  0 
    97 -9.50597e-02 -3.73872e-01  0 
    98  2.76589e-02  5.00000e-01  0 
    99 -1.73615e-01 -4.26203e-01  0 
   100 -2.50255e-01 -4.42643e-01  0 
   101 -3.03016e-01 -5.00000e-01  0 
   102 -1.20850e-01 -3.97486e-01  0 
   103 -7.00925e-02 -3.73308e-01  0 
   104  3.02302e-02  4.46068e-01  0 
   105  2.59688e-02  3.99552e-01  0 
   106 -9.35691e-02 -3.96195e-01  0 
   107  3.66450e-02  3.98184e-01  0 
   108  5.69540e-02  5.00000e-01  0 
   109 -2.19045e-01 -5.00000e-01  0 
   110 -1.37152e-01 -4.38923e-01  0 
   111 -7.42599e-02 -3.90239e-01  0 
   112 -6.30122e-02 -3.83207e-01  0 
   113  4.73759e-02  4.39582e-01  0 
   114 -9.17931e-02 -4.15033e-01  0 
   115  4.76816e-02  3.94728e-01  0 
   116  5.00351e-02  4.14990e-01  0 
   117 -5.60186e-02 -3.89766e-01  0 
   118  8.64792e-02  5.00000e-01  0 
   119 -1.62166e-01 -5.00000e-01  0 
   120 -1.12021e-01 -4.53052e-01  0 
   121 -6.89927e-02 -4.02326e-01  0 
   122  6.75061e-02  4.39601e-01  0 
   123 -8.13258e-02 -4.27454e-01  0 
   124  5.56001e-02  3.90080e-01  0 
   125  5.86517e-02  4.06983e-01  0 
   126 -4.80352e-02 -3.94566e-01  0 
   127 -5.72597e-02 -4.01620e-01  0 
   128  6.44769e-02  3.97301e-01  0 
   129  1.17484e-01  5.00000e-01  0 
   130  8.96761e-02  4.52355e-01  0 
   131 -1.20763e-01 -5.00000e-01  0 
   132 -8.47249e-02 -4.55634e-01  0 
   133 -6.57312e-02 -4.22489e-01  0 
   134  7.57988e-02  4.19444e-01  0 
   135  6.23740e-02  3.83920e-01  0 
   136 -5.23216e-02 -4.15366e-01  0 
   137 -3.74533e-02 -3.98018e-01  0 
   138  7.93897e-02  4.02618e-01  0 
   139  1.10437e-01  4.42973e-01  0 
   140  1.58314e-01  5.00000e-01  0 
   141 -8.95342e-02 -5.00000e-01  0 
   142 -6.22398e-02 -4.52593e-01  0 
   143  8.44059e-02  3.83489e-01  0 
   144  6.94667e-02  3.74350e-01  0 
   145 -4.26743e-02 -4.24083e-01  0 
   146 -2.64764e-02 -3.99512e-01  0 
   147  1.02479e-01  4.10894e-01  0 
   148  1.55136e-01  4.38744e-01  0 
   149  2.16836e-01  5.00000e-01  0 
   150 -6.00914e-02 -5.00000e-01  0 
   151 -4.01057e-02 -4.51678e-01  0 
   152  7.68387e-02  3.59354e-01  0 
   153  1.18350e-01  3.99264e-01  0 
   154  1.08766e-01  3.71615e-01  0 
   155 -2.44857e-02 -4.44435e-01  0 
   156 -1.66367e-02 -3.99866e-01  0 
   157  8.46603e-02  3.34028e-01  0 
   158  3.03016e-01  5.00000e-01  0 
   159  4.01508e-01  5.00000e-01  0 
   160  1.59499e-01  3.91398e-01  0 
   161  2.36430e-01  4.26587e-01  0 
   162 -3.07992e-02 -5.00000e-01  0 
   163  1.25463e-01  3.39832e-01  0 
   164 -1.18120e-02 -4.45814e-01  0 
   165        00000 -4.00000e-01  0 
   166  9.25471e-02  2.87375e-01  0 
   167  3.45171e-01  4.27186e-01  0 
   168  4.41273e-01  4.46192e-01  0 
   169  5.00000e-01  5.00000e-01  0 
   170  1.57695e-02 -3.99880e-01  0 
   171  1.94473e-01  3.46094e-01  0 
   172  2.75205e-01  3.49060e-01  0 
   173 -1.57599e-03 -5.00000e-01  0 
   174  1.62166e-01  2.77122e-01  0 
   175  5.98296e-03 -4.49653e-01  0 
   176  9.82805e-02  2.03527e-01  0 
   177  4.29309e-01  3.66414e-01  0 
   178  3.54520e-01  3.50995e-01  0 
   179  5.00000e-01  4.00000e-01  0 
   180  2.53149e-02 -3.99597e-01  0 
   181  1.93326e-02 -4.45237e-01  0 
   182  2.43713e-01  2.61812e-01  0 
   183  3.35552e-01  2.68158e-01  0 
   184  2.76589e-02 -5.00000e-01  0 
   185  1.84426e-01  1.86681e-01  0 
   186  9.98971e-02  1.01772e-01  0 
   187  5.00000e-01  3.00000e-01  0 
   188  4.23852e-01  2.78719e-01  0 
   189  3.43628e-02 -4.45054e-01  0 
   190  3.50438e-02 -3.98483e-01  0 
   191  5.30918e-02 -3.91806e-01  0 
   192  4.55945e-02 -3.95606e-01  0 
   193  3.00344e-01  1.72503e-01  0 
   194  4.00111e-01  1.95185e-01  0 
   195  5.69540e-02 -5.00000e-01  0 
   196  2.11089e-01  1.12049e-01  0 
   197  2.05533e-01  3.28245e-02  0 
   198  1.00000e-01        00000  0 
   199  5.00000e-01  2.00000e-01  0 
   200  5.16798e-02 -4.47889e-01  0 
   201  5.03136e-02 -4.19820e-01  0 
   202  6.15085e-02 -4.14191e-01  0 
   203  5.95533e-02 -3.86781e-01  0 
   204  6.95285e-02 -4.03867e-01  0 
   205  6.60334e-02 -3.79458e-01  0 
   206  3.09935e-01  7.29347e-02  0 
   207  4.10961e-01  1.00859e-01  0 
   208  8.64792e-02 -5.00000e-01  0 
   209  2.45575e-01 -5.47616e-02  0 
   210  1.66475e-01 -4.95473e-02  0 
   211  3.11103e-01 -1.57524e-02  0 
   212  9.99123e-02 -9.66550e-02  0 
   213  5.00000e-01  1.00000e-01  0 
