%==================================================================
%                        General Data File
% Title: Default_title
% Units: SI
% Dimensions: 3D
% Type of problem: Plane_Stress
% Type of Phisics: ELASTIC
% Micro/Macro: MACRO
%
%==================================================================

%% Data

Data_prb = {
'Default_title';
'SI';
'3D';
'Plane_Stress';
'ELASTIC';
'MACRO';
};

%% Coordinates
% Node                X                Y                Z

gidcoord = [
1      -48.948         0.45       40.211
2      -48.948            0       40.211
3      -48.948         0.45       40.705
4      -49.448         0.45       40.211
5      -48.948            0       40.705
6      -49.448            0       40.211
7      -49.381         0.45       40.952
8      -49.381            0       40.952
9      -49.804         0.45       40.691
10      -48.948         0.45       41.199
11      -49.948         0.45       40.211
12      -49.236      0.19438       41.199
13      -48.948            0       41.199
14      -49.812            0       40.699
15      -49.948            0       40.211
16      -49.808         0.45       41.188
17      -49.381         0.45       41.445
18      -49.381            0       41.445
19      -49.814            0       41.199
20      -50.228         0.45         40.8
21      -48.948         0.45       41.692
22      -50.231            0       40.805
23      -50.448         0.45       40.211
24      -48.948            0       41.692
25      -50.448            0       40.211
26      -49.812         0.45       41.686
27      -49.814            0       41.692
28      -50.243         0.45       41.434
29      -49.381         0.45       41.939
30      -50.669         0.45       40.682
31      -49.381            0       41.939
32      -50.245            0        41.44
33      -50.671            0       40.687
34      -48.948         0.45       42.186
35      -50.674         0.45       41.182
36      -50.948         0.45       40.211
37      -48.948            0       42.186
38      -50.676            0       41.187
39      -50.948            0       40.211
40      -50.245         0.45       41.933
41      -49.814         0.45       42.186
42      -51.077         0.45       40.773
43      -49.814            0       42.186
44      -50.247            0       41.939
45      -51.082            0       40.759
46      -49.381         0.45       42.433
47      -50.677         0.45       41.681
48      -49.381            0       42.433
49       -50.68            0       41.687
50      -48.948         0.45        42.68
51      -51.108         0.45       41.429
52      -51.158            0       41.256
53      -51.448         0.45       40.211
54      -48.948            0        42.68
55      -51.448            0       40.211
56      -50.247         0.45       42.433
57      -49.814         0.45        42.68
58      -50.245            0       42.439
59      -50.679         0.45       42.181
60      -49.812            0       42.686
61      -50.679            0       42.191
62      -51.558         0.45       40.945
63      -51.161            0       41.756
64      -49.381         0.45       42.927
65      -49.381            0       42.927
66      -51.589            0       41.004
67      -51.613         0.45       41.415
68      -51.173         0.45       42.163
69      -48.948         0.45       43.174
70      -51.592            0       41.503
71      -48.948            0       43.174
72      -51.948         0.45       40.211
73      -50.245         0.45       42.933
74       -50.68         0.45       42.686
75      -49.525      0.19438       43.172
76      -51.948            0       40.211
77      -50.243            0       42.939
78      -50.677            0       42.691
79      -49.814         0.45       43.174
80      -51.984            0       40.647
81      -49.808            0       43.184
82      -52.049         0.45       40.672
83      -51.111            0       42.443
84      -51.607         0.45       41.914
85      -52.128      0.21375       40.434
86      -51.603            0       42.003
87      -49.381         0.45        43.42
88       -52.05         0.45       41.171
89      -49.381            0        43.42
90      -52.022            0       41.253
91       -51.17         0.45       42.659
92      -52.042         0.45       41.671
93      -50.676         0.45       43.185
94      -51.606         0.45       42.414
95      -48.948         0.45       43.667
96       -52.03            0       41.744
97      -50.674            0       43.191
98      -48.948            0       43.667
99      -52.448         0.45       40.211
100      -51.108            0       42.943
101      -52.448            0       40.211
102      -51.608            0       42.503
103      -49.812         0.45       43.673
104      -50.231         0.45       43.567
105      -49.804            0       43.681
106      -52.453            0       40.913
107      -52.481         0.45       40.923
108      -50.228            0       43.572
109      -52.552      0.19125       40.539
110      -52.038         0.45       42.166
111      -51.166         0.45       43.162
112      -52.037            0        42.25
113      -52.476         0.45       41.422
114      -52.461            0       41.491
115        -51.6         0.45       42.914
116      -50.671         0.45       43.685
117      -51.618            0       43.002
118      -52.784      0.21665       40.896
119      -50.669            0        43.69
120      -52.475         0.45       41.922
121      -52.035         0.45        42.67
122      -48.948         0.45       44.161
123      -52.465            0       41.991
124      -48.948            0       44.161
125      -49.448         0.45       44.161
126      -52.917         0.45       40.678
127      -52.948         0.45       40.211
128      -51.156            0       43.521
129      -49.448            0       44.161
130      -52.916            0        40.64
131      -52.045            0       42.742
132      -52.948            0       40.211
133      -49.948         0.45       44.161
134       -52.91         0.45       41.178
135      -52.885            0       41.234
136      -49.948            0       44.161
137      -51.164         0.45       43.662
138      -52.468         0.45       42.421
139      -51.572         0.45       43.454
140      -52.907         0.45       41.672
141      -52.476            0        42.49
142      -50.448         0.45       44.161
143      -50.448            0       44.161
144      -52.894            0        41.74
145      -51.623            0         43.5
146      -52.031         0.45       43.164
147       -52.05            0       43.242
148      -52.903         0.45       42.176
149      -50.948         0.45       44.161
150       -51.46      0.19703       43.865
151      -52.467         0.45       42.921
152      -50.948            0       44.161
153      -53.343         0.45       40.928
154      -53.316            0        40.98
155      -52.901            0       42.229
156      -53.448         0.45       40.211
157       -52.48            0       42.988
158      -53.448            0       40.211
159      -53.343         0.45       41.428
160      -53.321            0        41.48
161      -52.025         0.45       43.664
162      -52.899         0.45        42.67
163      -51.448         0.45       44.161
164      -51.448            0       44.161
165      -52.905            0       42.728
166      -53.337         0.45       41.927
167      -52.112            0        43.71
168      -53.333            0       41.979
169      -52.461         0.45       43.419
170      -53.729            0       40.691
171      -52.491            0       43.487
172      -53.777         0.45       40.679
173      -53.336         0.45       42.427
174      -53.775         0.45       41.179
175      -53.749            0       41.228
176      -52.892         0.45        43.17
177      -53.335            0       42.475
