%% Data file

Data_prb = {
'TRIANGLE' ;
'SI' ;
'2D' ;
'Plane_Stress' ;
'ELASTIC' ;
'MICRO' ;
};


coord = [
1 0 0 0
2 1 0 0
3 1.70711 0.707107 0
4 0.707107 0.707107 0
5 0.04 0 0
6 0.08 0 0
7 0.12 0 0
8 0.16 0 0
9 0.2 0 0
10 0.24 0 0
11 0.28 0 0
12 0.32 0 0
13 0.36 0 0
14 0.4 0 0
15 0.44 0 0
16 0.48 0 0
17 0.52 0 0
18 0.56 0 0
19 0.6 0 0
20 0.64 0 0
21 0.68 0 0
22 0.72 0 0
23 0.76 0 0
24 0.8 0 0
25 0.84 0 0
26 0.88 0 0
27 0.92 0 0
28 0.96 0 0
29 1.02828 0.0282843 0
30 1.05657 0.0565685 0
31 1.08485 0.0848528 0
32 1.11314 0.113137 0
33 1.14142 0.141421 0
34 1.16971 0.169706 0
35 1.19799 0.19799 0
36 1.22627 0.226274 0
37 1.25456 0.254558 0
38 1.28284 0.282843 0
39 1.31113 0.311127 0
40 1.33941 0.339411 0
41 1.3677 0.367696 0
42 1.39598 0.39598 0
43 1.42426 0.424264 0
44 1.45255 0.452548 0
45 1.48083 0.480833 0
46 1.50912 0.509117 0
47 1.5374 0.537401 0
48 1.56569 0.565685 0
49 1.59397 0.59397 0
50 1.62225 0.622254 0
51 1.65054 0.650538 0
52 1.67882 0.678823 0
53 1.66711 0.707107 0
54 1.62711 0.707107 0
55 1.58711 0.707107 0
56 1.54711 0.707107 0
57 1.50711 0.707107 0
58 1.46711 0.707107 0
59 1.42711 0.707107 0
60 1.38711 0.707107 0
61 1.34711 0.707107 0
62 1.30711 0.707107 0
63 1.26711 0.707107 0
64 1.22711 0.707107 0
65 1.18711 0.707107 0
66 1.14711 0.707107 0
67 1.10711 0.707107 0
68 1.06711 0.707107 0
69 1.02711 0.707107 0
70 0.987107 0.707107 0
71 0.947107 0.707107 0
72 0.907107 0.707107 0
73 0.867107 0.707107 0
74 0.827107 0.707107 0
75 0.787107 0.707107 0
76 0.747107 0.707107 0
77 0.678823 0.678823 0
78 0.650538 0.650538 0
79 0.622254 0.622254 0
80 0.59397 0.59397 0
81 0.565685 0.565685 0
82 0.537401 0.537401 0
83 0.509117 0.509117 0
84 0.480833 0.480833 0
85 0.452548 0.452548 0
86 0.424264 0.424264 0
87 0.39598 0.39598 0
88 0.367696 0.367696 0
89 0.339411 0.339411 0
90 0.311127 0.311127 0
91 0.282843 0.282843 0
92 0.254558 0.254558 0
93 0.226274 0.226274 0
94 0.19799 0.19799 0
95 0.169706 0.169706 0
96 0.141421 0.141421 0
97 0.113137 0.113137 0
98 0.0848528 0.0848528 0
99 0.0565685 0.0565685 0
100 0.0282843 0.0282843 0
101 0.0682843 0.0282843 0
102 0.108284 0.0282843 0
103 0.148284 0.0282843 0
104 0.188284 0.0282843 0
105 0.228284 0.0282843 0
106 0.268284 0.0282843 0
107 0.308284 0.0282843 0
108 0.348284 0.0282843 0
109 0.388284 0.0282843 0
110 0.428284 0.0282843 0
111 0.468284 0.0282843 0
112 0.508284 0.0282843 0
113 0.548284 0.0282843 0
114 0.588284 0.0282843 0
115 0.628284 0.0282843 0
116 0.668284 0.0282843 0
117 0.708284 0.0282843 0
118 0.748284 0.0282843 0
119 0.788284 0.0282843 0
120 0.828284 0.0282843 0
121 0.868284 0.0282843 0
122 0.908284 0.0282843 0
123 0.948284 0.0282843 0
124 0.988284 0.0282843 0
125 0.0965685 0.0565685 0
126 0.136569 0.0565685 0
127 0.176569 0.0565685 0
128 0.216569 0.0565685 0
129 0.256569 0.0565685 0
130 0.296569 0.0565685 0
131 0.336569 0.0565685 0
132 0.376569 0.0565685 0
133 0.416569 0.0565685 0
134 0.456569 0.0565685 0
135 0.496569 0.0565685 0
136 0.536569 0.0565685 0
137 0.576569 0.0565685 0
138 0.616569 0.0565685 0
139 0.656569 0.0565685 0
140 0.696569 0.0565685 0
141 0.736569 0.0565685 0
142 0.776569 0.0565685 0
143 0.816569 0.0565685 0
144 0.856569 0.0565685 0
145 0.896569 0.0565685 0
146 0.936569 0.0565685 0
147 0.976569 0.0565685 0
148 1.01657 0.0565685 0
149 0.124853 0.0848528 0
150 0.164853 0.0848528 0
151 0.204853 0.0848528 0
152 0.244853 0.0848528 0
153 0.284853 0.0848528 0
154 0.324853 0.0848528 0
155 0.364853 0.0848528 0
156 0.404853 0.0848528 0
157 0.444853 0.0848528 0
158 0.484853 0.0848528 0
159 0.524853 0.0848528 0
160 0.564853 0.0848528 0
161 0.604853 0.0848528 0
162 0.644853 0.0848528 0
163 0.684853 0.0848528 0
164 0.724853 0.0848528 0
165 0.764853 0.0848528 0
166 0.804853 0.0848528 0
167 0.844853 0.0848528 0
168 0.884853 0.0848528 0
169 0.924853 0.0848528 0
170 0.964853 0.0848528 0
171 1.00485 0.0848528 0
172 1.04485 0.0848528 0
173 0.153137 0.113137 0
174 0.193137 0.113137 0
175 0.233137 0.113137 0
176 0.273137 0.113137 0
177 0.313137 0.113137 0
178 0.353137 0.113137 0
179 0.393137 0.113137 0
180 0.433137 0.113137 0
181 0.473137 0.113137 0
182 0.513137 0.113137 0
183 0.553137 0.113137 0
184 0.593137 0.113137 0
185 0.633137 0.113137 0
186 0.673137 0.113137 0
187 0.713137 0.113137 0
188 0.753137 0.113137 0
189 0.793137 0.113137 0
190 0.833137 0.113137 0
191 0.873137 0.113137 0
192 0.913137 0.113137 0
193 0.953137 0.113137 0
194 0.993137 0.113137 0
195 1.03314 0.113137 0
196 1.07314 0.113137 0
197 0.181421 0.141421 0
198 0.221421 0.141421 0
199 0.261421 0.141421 0
200 0.301421 0.141421 0
201 0.341421 0.141421 0
202 0.381421 0.141421 0
203 0.421421 0.141421 0
204 0.461421 0.141421 0
205 0.501421 0.141421 0
206 0.541421 0.141421 0
207 0.581421 0.141421 0
208 0.621421 0.141421 0
209 0.661421 0.141421 0
210 0.701421 0.141421 0
211 0.741421 0.141421 0
212 0.781421 0.141421 0
213 0.821421 0.141421 0
214 0.861421 0.141421 0
215 0.901421 0.141421 0
216 0.941421 0.141421 0
217 0.981421 0.141421 0
218 1.02142 0.141421 0
219 1.06142 0.141421 0
220 1.10142 0.141421 0
221 0.209706 0.169706 0
222 0.249706 0.169706 0
223 0.289706 0.169706 0
224 0.329706 0.169706 0
225 0.369706 0.169706 0
226 0.409706 0.169706 0
227 0.449706 0.169706 0
228 0.489706 0.169706 0
229 0.529706 0.169706 0
230 0.569706 0.169706 0
231 0.609706 0.169706 0
232 0.649706 0.169706 0
233 0.689706 0.169706 0
234 0.729706 0.169706 0
235 0.769706 0.169706 0
236 0.809706 0.169706 0
237 0.849706 0.169706 0
238 0.889706 0.169706 0
239 0.929706 0.169706 0
240 0.969706 0.169706 0
241 1.00971 0.169706 0
242 1.04971 0.169706 0
243 1.08971 0.169706 0
244 1.12971 0.169706 0
245 0.23799 0.19799 0
246 0.27799 0.19799 0
247 0.31799 0.19799 0
248 0.35799 0.19799 0
249 0.39799 0.19799 0
250 0.43799 0.19799 0
251 0.47799 0.19799 0
252 0.51799 0.19799 0
253 0.55799 0.19799 0
254 0.59799 0.19799 0
255 0.63799 0.19799 0
256 0.67799 0.19799 0
257 0.71799 0.19799 0
258 0.75799 0.19799 0
259 0.79799 0.19799 0
260 0.83799 0.19799 0
261 0.87799 0.19799 0
262 0.91799 0.19799 0
263 0.95799 0.19799 0
264 0.99799 0.19799 0
265 1.03799 0.19799 0
266 1.07799 0.19799 0
267 1.11799 0.19799 0
268 1.15799 0.19799 0
269 0.266274 0.226274 0
270 0.306274 0.226274 0
271 0.346274 0.226274 0
272 0.386274 0.226274 0
273 0.426274 0.226274 0
274 0.466274 0.226274 0
275 0.506274 0.226274 0
276 0.546274 0.226274 0
277 0.586274 0.226274 0
278 0.626274 0.226274 0
279 0.666274 0.226274 0
280 0.706274 0.226274 0
281 0.746274 0.226274 0
282 0.786274 0.226274 0
283 0.826274 0.226274 0
284 0.866274 0.226274 0
285 0.906274 0.226274 0
286 0.946274 0.226274 0
287 0.986274 0.226274 0
288 1.02627 0.226274 0
289 1.06627 0.226274 0
290 1.10627 0.226274 0
291 1.14627 0.226274 0
292 1.18627 0.226274 0
293 0.294558 0.254558 0
294 0.334558 0.254558 0
295 0.374558 0.254558 0
296 0.414558 0.254558 0
297 0.454558 0.254558 0
298 0.494558 0.254558 0
299 0.534558 0.254558 0
300 0.574558 0.254558 0
301 0.614558 0.254558 0
302 0.654558 0.254558 0
303 0.694558 0.254558 0
304 0.734558 0.254558 0
305 0.774558 0.254558 0
306 0.814558 0.254558 0
307 0.854558 0.254558 0
308 0.894558 0.254558 0
309 0.934558 0.254558 0
310 0.974558 0.254558 0
311 1.01456 0.254558 0
312 1.05456 0.254558 0
313 1.09456 0.254558 0
314 1.13456 0.254558 0
315 1.17456 0.254558 0
316 1.21456 0.254558 0
317 0.322843 0.282843 0
318 0.362843 0.282843 0
319 0.402843 0.282843 0
320 0.442843 0.282843 0
321 0.482843 0.282843 0
322 0.522843 0.282843 0
323 0.562843 0.282843 0
324 0.602843 0.282843 0
325 0.642843 0.282843 0
326 0.682843 0.282843 0
327 0.722843 0.282843 0
328 0.762843 0.282843 0
329 0.802843 0.282843 0
330 0.842843 0.282843 0
331 0.882843 0.282843 0
332 0.922843 0.282843 0
333 0.962843 0.282843 0
334 1.00284 0.282843 0
335 1.04284 0.282843 0
336 1.08284 0.282843 0
337 1.12284 0.282843 0
338 1.16284 0.282843 0
339 1.20284 0.282843 0
340 1.24284 0.282843 0
341 0.351127 0.311127 0
342 0.391127 0.311127 0
343 0.431127 0.311127 0
344 0.471127 0.311127 0
345 0.511127 0.311127 0
346 0.551127 0.311127 0
347 0.591127 0.311127 0
