%% Data
Data_prb = {
'TRIANGLE';
'SI';
'2D';
'Plane_Stress';
'ELASTIC';
'MACRO';
};
%% Coordinates
% Node
gidcoord = [
1 0.000000 0.000000 0.000000;
2 0.000000 0.055556 0.000000;
3 0.000000 0.111111 0.000000;
4 0.000000 0.166667 0.000000;
5 0.000000 0.222222 0.000000;
6 0.000000 0.277778 0.000000;
7 0.000000 0.333333 0.000000;
8 0.000000 0.388889 0.000000;
9 0.000000 0.444444 0.000000;
10 0.000000 0.500000 0.000000;
11 0.052632 0.000000 0.000000;
12 0.052632 0.055556 0.000000;
13 0.052632 0.111111 0.000000;
14 0.052632 0.166667 0.000000;
15 0.052632 0.222222 0.000000;
16 0.052632 0.277778 0.000000;
17 0.052632 0.333333 0.000000;
18 0.052632 0.388889 0.000000;
19 0.052632 0.444444 0.000000;
20 0.052632 0.500000 0.000000;
21 0.105263 0.000000 0.000000;
22 0.105263 0.055556 0.000000;
23 0.105263 0.111111 0.000000;
24 0.105263 0.166667 0.000000;
25 0.105263 0.222222 0.000000;
26 0.105263 0.277778 0.000000;
27 0.105263 0.333333 0.000000;
28 0.105263 0.388889 0.000000;
29 0.105263 0.444444 0.000000;
30 0.105263 0.500000 0.000000;
31 0.157895 0.000000 0.000000;
32 0.157895 0.055556 0.000000;
33 0.157895 0.111111 0.000000;
34 0.157895 0.166667 0.000000;
35 0.157895 0.222222 0.000000;
36 0.157895 0.277778 0.000000;
37 0.157895 0.333333 0.000000;
38 0.157895 0.388889 0.000000;
39 0.157895 0.444444 0.000000;
40 0.157895 0.500000 0.000000;
41 0.210526 0.000000 0.000000;
42 0.210526 0.055556 0.000000;
43 0.210526 0.111111 0.000000;
44 0.210526 0.166667 0.000000;
45 0.210526 0.222222 0.000000;
46 0.210526 0.277778 0.000000;
47 0.210526 0.333333 0.000000;
48 0.210526 0.388889 0.000000;
49 0.210526 0.444444 0.000000;
50 0.210526 0.500000 0.000000;
51 0.263158 0.000000 0.000000;
52 0.263158 0.055556 0.000000;
53 0.263158 0.111111 0.000000;
54 0.263158 0.166667 0.000000;
55 0.263158 0.222222 0.000000;
56 0.263158 0.277778 0.000000;
57 0.263158 0.333333 0.000000;
58 0.263158 0.388889 0.000000;
59 0.263158 0.444444 0.000000;
60 0.263158 0.500000 0.000000;
61 0.315789 0.000000 0.000000;
62 0.315789 0.055556 0.000000;
63 0.315789 0.111111 0.000000;
64 0.315789 0.166667 0.000000;
65 0.315789 0.222222 0.000000;
66 0.315789 0.277778 0.000000;
67 0.315789 0.333333 0.000000;
68 0.315789 0.388889 0.000000;
69 0.315789 0.444444 0.000000;
70 0.315789 0.500000 0.000000;
71 0.368421 0.000000 0.000000;
72 0.368421 0.055556 0.000000;
73 0.368421 0.111111 0.000000;
74 0.368421 0.166667 0.000000;
75 0.368421 0.222222 0.000000;
76 0.368421 0.277778 0.000000;
77 0.368421 0.333333 0.000000;
78 0.368421 0.388889 0.000000;
79 0.368421 0.444444 0.000000;
80 0.368421 0.500000 0.000000;
81 0.421053 0.000000 0.000000;
82 0.421053 0.055556 0.000000;
83 0.421053 0.111111 0.000000;
84 0.421053 0.166667 0.000000;
85 0.421053 0.222222 0.000000;
86 0.421053 0.277778 0.000000;
87 0.421053 0.333333 0.000000;
88 0.421053 0.388889 0.000000;
89 0.421053 0.444444 0.000000;
90 0.421053 0.500000 0.000000;
91 0.473684 0.000000 0.000000;
92 0.473684 0.055556 0.000000;
93 0.473684 0.111111 0.000000;
94 0.473684 0.166667 0.000000;
95 0.473684 0.222222 0.000000;
96 0.473684 0.277778 0.000000;
97 0.473684 0.333333 0.000000;
98 0.473684 0.388889 0.000000;
99 0.473684 0.444444 0.000000;
100 0.473684 0.500000 0.000000;
101 0.526316 0.000000 0.000000;
102 0.526316 0.055556 0.000000;
103 0.526316 0.111111 0.000000;
104 0.526316 0.166667 0.000000;
105 0.526316 0.222222 0.000000;
106 0.526316 0.277778 0.000000;
107 0.526316 0.333333 0.000000;
108 0.526316 0.388889 0.000000;
109 0.526316 0.444444 0.000000;
110 0.526316 0.500000 0.000000;
111 0.578947 0.000000 0.000000;
112 0.578947 0.055556 0.000000;
113 0.578947 0.111111 0.000000;
114 0.578947 0.166667 0.000000;
115 0.578947 0.222222 0.000000;
116 0.578947 0.277778 0.000000;
117 0.578947 0.333333 0.000000;
118 0.578947 0.388889 0.000000;
119 0.578947 0.444444 0.000000;
120 0.578947 0.500000 0.000000;
121 0.631579 0.000000 0.000000;
122 0.631579 0.055556 0.000000;
123 0.631579 0.111111 0.000000;
124 0.631579 0.166667 0.000000;
125 0.631579 0.222222 0.000000;
126 0.631579 0.277778 0.000000;
127 0.631579 0.333333 0.000000;
128 0.631579 0.388889 0.000000;
129 0.631579 0.444444 0.000000;
130 0.631579 0.500000 0.000000;
131 0.684211 0.000000 0.000000;
132 0.684211 0.055556 0.000000;
133 0.684211 0.111111 0.000000;
134 0.684211 0.166667 0.000000;
135 0.684211 0.222222 0.000000;
136 0.684211 0.277778 0.000000;
137 0.684211 0.333333 0.000000;
138 0.684211 0.388889 0.000000;
139 0.684211 0.444444 0.000000;
140 0.684211 0.500000 0.000000;
141 0.736842 0.000000 0.000000;
142 0.736842 0.055556 0.000000;
143 0.736842 0.111111 0.000000;
144 0.736842 0.166667 0.000000;
145 0.736842 0.222222 0.000000;
146 0.736842 0.277778 0.000000;
147 0.736842 0.333333 0.000000;
148 0.736842 0.388889 0.000000;
149 0.736842 0.444444 0.000000;
150 0.736842 0.500000 0.000000;
151 0.789474 0.000000 0.000000;
152 0.789474 0.055556 0.000000;
153 0.789474 0.111111 0.000000;
154 0.789474 0.166667 0.000000;
155 0.789474 0.222222 0.000000;
156 0.789474 0.277778 0.000000;
157 0.789474 0.333333 0.000000;
158 0.789474 0.388889 0.000000;
159 0.789474 0.444444 0.000000;
160 0.789474 0.500000 0.000000;
161 0.842105 0.000000 0.000000;
162 0.842105 0.055556 0.000000;
163 0.842105 0.111111 0.000000;
164 0.842105 0.166667 0.000000;
165 0.842105 0.222222 0.000000;
166 0.842105 0.277778 0.000000;
167 0.842105 0.333333 0.000000;
168 0.842105 0.388889 0.000000;
169 0.842105 0.444444 0.000000;
170 0.842105 0.500000 0.000000;
171 0.894737 0.000000 0.000000;
172 0.894737 0.055556 0.000000;
173 0.894737 0.111111 0.000000;
174 0.894737 0.166667 0.000000;
175 0.894737 0.222222 0.000000;
176 0.894737 0.277778 0.000000;
177 0.894737 0.333333 0.000000;
178 0.894737 0.388889 0.000000;
179 0.894737 0.444444 0.000000;
180 0.894737 0.500000 0.000000;
181 0.947368 0.000000 0.000000;
182 0.947368 0.055556 0.000000;
183 0.947368 0.111111 0.000000;
184 0.947368 0.166667 0.000000;
185 0.947368 0.222222 0.000000;
186 0.947368 0.277778 0.000000;
187 0.947368 0.333333 0.000000;
188 0.947368 0.388889 0.000000;
189 0.947368 0.444444 0.000000;
190 0.947368 0.500000 0.000000;
191 1.000000 0.000000 0.000000;
192 1.000000 0.055556 0.000000;
193 1.000000 0.111111 0.000000;
194 1.000000 0.166667 0.000000;
195 1.000000 0.222222 0.000000;
196 1.000000 0.277778 0.000000;
197 1.000000 0.333333 0.000000;
198 1.000000 0.388889 0.000000;
199 1.000000 0.444444 0.000000;
200 1.000000 0.500000 0.000000;
];
%% Connectivities
% Node
