%% Data
Data_prb = {
'TRIANGLE';
'SI';
'2D';
'Plane_Stress';
'ELASTIC';
'MACRO';
};
%% Coordinates
% Node
gidcoord = [
1 0.000000 0.000000 0.000000;
2 0.000000 0.041667 0.000000;
3 0.000000 0.083333 0.000000;
4 0.000000 0.125000 0.000000;
5 0.000000 0.166667 0.000000;
6 0.000000 0.208333 0.000000;
7 0.000000 0.250000 0.000000;
8 0.000000 0.291667 0.000000;
9 0.000000 0.333333 0.000000;
10 0.000000 0.375000 0.000000;
11 0.000000 0.416667 0.000000;
12 0.000000 0.458333 0.000000;
13 0.000000 0.500000 0.000000;
14 0.000000 0.541667 0.000000;
15 0.000000 0.583333 0.000000;
16 0.000000 0.625000 0.000000;
17 0.000000 0.666667 0.000000;
18 0.000000 0.708333 0.000000;
19 0.000000 0.750000 0.000000;
20 0.000000 0.791667 0.000000;
21 0.000000 0.833333 0.000000;
22 0.000000 0.875000 0.000000;
23 0.000000 0.916667 0.000000;
24 0.000000 0.958333 0.000000;
25 0.000000 1.000000 0.000000;
26 0.040816 0.000000 0.000000;
27 0.040816 0.041667 0.000000;
28 0.040816 0.083333 0.000000;
29 0.040816 0.125000 0.000000;
30 0.040816 0.166667 0.000000;
31 0.040816 0.208333 0.000000;
32 0.040816 0.250000 0.000000;
33 0.040816 0.291667 0.000000;
34 0.040816 0.333333 0.000000;
35 0.040816 0.375000 0.000000;
36 0.040816 0.416667 0.000000;
37 0.040816 0.458333 0.000000;
38 0.040816 0.500000 0.000000;
39 0.040816 0.541667 0.000000;
40 0.040816 0.583333 0.000000;
41 0.040816 0.625000 0.000000;
42 0.040816 0.666667 0.000000;
43 0.040816 0.708333 0.000000;
44 0.040816 0.750000 0.000000;
45 0.040816 0.791667 0.000000;
46 0.040816 0.833333 0.000000;
47 0.040816 0.875000 0.000000;
48 0.040816 0.916667 0.000000;
49 0.040816 0.958333 0.000000;
50 0.040816 1.000000 0.000000;
51 0.081633 0.000000 0.000000;
52 0.081633 0.041667 0.000000;
53 0.081633 0.083333 0.000000;
54 0.081633 0.125000 0.000000;
55 0.081633 0.166667 0.000000;
56 0.081633 0.208333 0.000000;
57 0.081633 0.250000 0.000000;
58 0.081633 0.291667 0.000000;
59 0.081633 0.333333 0.000000;
60 0.081633 0.375000 0.000000;
61 0.081633 0.416667 0.000000;
62 0.081633 0.458333 0.000000;
63 0.081633 0.500000 0.000000;
64 0.081633 0.541667 0.000000;
65 0.081633 0.583333 0.000000;
66 0.081633 0.625000 0.000000;
67 0.081633 0.666667 0.000000;
68 0.081633 0.708333 0.000000;
69 0.081633 0.750000 0.000000;
70 0.081633 0.791667 0.000000;
71 0.081633 0.833333 0.000000;
72 0.081633 0.875000 0.000000;
73 0.081633 0.916667 0.000000;
74 0.081633 0.958333 0.000000;
75 0.081633 1.000000 0.000000;
76 0.122449 0.000000 0.000000;
77 0.122449 0.041667 0.000000;
78 0.122449 0.083333 0.000000;
79 0.122449 0.125000 0.000000;
80 0.122449 0.166667 0.000000;
81 0.122449 0.208333 0.000000;
82 0.122449 0.250000 0.000000;
83 0.122449 0.291667 0.000000;
84 0.122449 0.333333 0.000000;
85 0.122449 0.375000 0.000000;
86 0.122449 0.416667 0.000000;
87 0.122449 0.458333 0.000000;
88 0.122449 0.500000 0.000000;
89 0.122449 0.541667 0.000000;
90 0.122449 0.583333 0.000000;
91 0.122449 0.625000 0.000000;
92 0.122449 0.666667 0.000000;
93 0.122449 0.708333 0.000000;
94 0.122449 0.750000 0.000000;
95 0.122449 0.791667 0.000000;
96 0.122449 0.833333 0.000000;
97 0.122449 0.875000 0.000000;
98 0.122449 0.916667 0.000000;
99 0.122449 0.958333 0.000000;
100 0.122449 1.000000 0.000000;
101 0.163265 0.000000 0.000000;
102 0.163265 0.041667 0.000000;
103 0.163265 0.083333 0.000000;
104 0.163265 0.125000 0.000000;
105 0.163265 0.166667 0.000000;
106 0.163265 0.208333 0.000000;
107 0.163265 0.250000 0.000000;
108 0.163265 0.291667 0.000000;
109 0.163265 0.333333 0.000000;
110 0.163265 0.375000 0.000000;
111 0.163265 0.416667 0.000000;
112 0.163265 0.458333 0.000000;
113 0.163265 0.500000 0.000000;
114 0.163265 0.541667 0.000000;
115 0.163265 0.583333 0.000000;
116 0.163265 0.625000 0.000000;
117 0.163265 0.666667 0.000000;
118 0.163265 0.708333 0.000000;
119 0.163265 0.750000 0.000000;
120 0.163265 0.791667 0.000000;
121 0.163265 0.833333 0.000000;
122 0.163265 0.875000 0.000000;
123 0.163265 0.916667 0.000000;
124 0.163265 0.958333 0.000000;
125 0.163265 1.000000 0.000000;
126 0.204082 0.000000 0.000000;
127 0.204082 0.041667 0.000000;
128 0.204082 0.083333 0.000000;
129 0.204082 0.125000 0.000000;
130 0.204082 0.166667 0.000000;
131 0.204082 0.208333 0.000000;
132 0.204082 0.250000 0.000000;
133 0.204082 0.291667 0.000000;
134 0.204082 0.333333 0.000000;
135 0.204082 0.375000 0.000000;
136 0.204082 0.416667 0.000000;
137 0.204082 0.458333 0.000000;
138 0.204082 0.500000 0.000000;
139 0.204082 0.541667 0.000000;
140 0.204082 0.583333 0.000000;
141 0.204082 0.625000 0.000000;
142 0.204082 0.666667 0.000000;
143 0.204082 0.708333 0.000000;
144 0.204082 0.750000 0.000000;
145 0.204082 0.791667 0.000000;
146 0.204082 0.833333 0.000000;
147 0.204082 0.875000 0.000000;
148 0.204082 0.916667 0.000000;
149 0.204082 0.958333 0.000000;
150 0.204082 1.000000 0.000000;
151 0.244898 0.000000 0.000000;
152 0.244898 0.041667 0.000000;
153 0.244898 0.083333 0.000000;
154 0.244898 0.125000 0.000000;
155 0.244898 0.166667 0.000000;
156 0.244898 0.208333 0.000000;
157 0.244898 0.250000 0.000000;
158 0.244898 0.291667 0.000000;
159 0.244898 0.333333 0.000000;
160 0.244898 0.375000 0.000000;
161 0.244898 0.416667 0.000000;
162 0.244898 0.458333 0.000000;
163 0.244898 0.500000 0.000000;
164 0.244898 0.541667 0.000000;
165 0.244898 0.583333 0.000000;
166 0.244898 0.625000 0.000000;
167 0.244898 0.666667 0.000000;
168 0.244898 0.708333 0.000000;
169 0.244898 0.750000 0.000000;
170 0.244898 0.791667 0.000000;
171 0.244898 0.833333 0.000000;
172 0.244898 0.875000 0.000000;
173 0.244898 0.916667 0.000000;
174 0.244898 0.958333 0.000000;
175 0.244898 1.000000 0.000000;
176 0.285714 0.000000 0.000000;
177 0.285714 0.041667 0.000000;
178 0.285714 0.083333 0.000000;
179 0.285714 0.125000 0.000000;
180 0.285714 0.166667 0.000000;
181 0.285714 0.208333 0.000000;
182 0.285714 0.250000 0.000000;
183 0.285714 0.291667 0.000000;
184 0.285714 0.333333 0.000000;
185 0.285714 0.375000 0.000000;
186 0.285714 0.416667 0.000000;
187 0.285714 0.458333 0.000000;
188 0.285714 0.500000 0.000000;
189 0.285714 0.541667 0.000000;
190 0.285714 0.583333 0.000000;
191 0.285714 0.625000 0.000000;
192 0.285714 0.666667 0.000000;
193 0.285714 0.708333 0.000000;
194 0.285714 0.750000 0.000000;
195 0.285714 0.791667 0.000000;
196 0.285714 0.833333 0.000000;
197 0.285714 0.875000 0.000000;
198 0.285714 0.916667 0.000000;
199 0.285714 0.958333 0.000000;
200 0.285714 1.000000 0.000000;
201 0.326531 0.000000 0.000000;
202 0.326531 0.041667 0.000000;
203 0.326531 0.083333 0.000000;
204 0.326531 0.125000 0.000000;
205 0.326531 0.166667 0.000000;
206 0.326531 0.208333 0.000000;
207 0.326531 0.250000 0.000000;
208 0.326531 0.291667 0.000000;
209 0.326531 0.333333 0.000000;
210 0.326531 0.375000 0.000000;
211 0.326531 0.416667 0.000000;
212 0.326531 0.458333 0.000000;
213 0.326531 0.500000 0.000000;
214 0.326531 0.541667 0.000000;
215 0.326531 0.583333 0.000000;
216 0.326531 0.625000 0.000000;
217 0.326531 0.666667 0.000000;
218 0.326531 0.708333 0.000000;
219 0.326531 0.750000 0.000000;
220 0.326531 0.791667 0.000000;
221 0.326531 0.833333 0.000000;
222 0.326531 0.875000 0.000000;
223 0.326531 0.916667 0.000000;
224 0.326531 0.958333 0.000000;
225 0.326531 1.000000 0.000000;
226 0.367347 0.000000 0.000000;
227 0.367347 0.041667 0.000000;
228 0.367347 0.083333 0.000000;
229 0.367347 0.125000 0.000000;
230 0.367347 0.166667 0.000000;
231 0.367347 0.208333 0.000000;
232 0.367347 0.250000 0.000000;
233 0.367347 0.291667 0.000000;
234 0.367347 0.333333 0.000000;
235 0.367347 0.375000 0.000000;
236 0.367347 0.416667 0.000000;
237 0.367347 0.458333 0.000000;
238 0.367347 0.500000 0.000000;
239 0.367347 0.541667 0.000000;
240 0.367347 0.583333 0.000000;
241 0.367347 0.625000 0.000000;
242 0.367347 0.666667 0.000000;
243 0.367347 0.708333 0.000000;
244 0.367347 0.750000 0.000000;
245 0.367347 0.791667 0.000000;
246 0.367347 0.833333 0.000000;
247 0.367347 0.875000 0.000000;
248 0.367347 0.916667 0.000000;
249 0.367347 0.958333 0.000000;
