%==================================================================
%                        General Data File
% Title: TETRAHEDRA
% Units: SI
% Dimensions: 3D
% Type of problem: Plane_Stress
% Type of Phisics: ELASTIC
% Micro/Macro: MACRO
%
%==================================================================

%% Data

Data_prb = {
'TETRAHEDRA';
'SI';
'3D';
'Plane_Stress';
'ELASTIC';
'MACRO';
};

%% Coordinates
% Node                X                Y                Z

gidcoord = [
1            0           20            0
2            6           20            0
3            0       13.333            0
4            0           20       6.6667
5        3.062       14.141       3.2061
6       6.0896       15.757        7.145
7            9       14.804            0
8            9           20       5.1962
9            0       14.804           10
10            0           10       5.1962
11       6.0406           20       10.092
12       6.0849       9.7397            0
13           12           20            0
14       7.2882       10.869       4.6441
15        10.97       15.182       4.7229
16            0       6.6667            0
17            0           20       13.333
18       4.5818       10.986       9.4045
19           12           20       10.392
20           15           20       5.1962
21           15       14.804            0
22       6.9084       15.161       13.532
23       10.241       12.804         9.88
24       12.425       8.6984            0
25       5.5606       5.8632       7.3681
26       9.2032           20       14.872
27       8.7893       4.8609            0
28       9.9342         6.14       4.0295
29            0           10       14.804
30            0       5.1962           10
31           18           20            0
32       8.4417       6.4795       8.9909
33       17.104         16.3       6.0252
34       4.8044       2.2682       2.8595
35       5.3278       6.1189       11.242
36       7.7594       9.7531       13.692
37       3.6659       12.614       17.073
38       6.4611       3.0604       6.8732
39            0           20           20
40            0            0            0
41       15.538       13.367       11.156
42       3.7162       2.0393        8.732
43       11.768       13.199       15.125
44       15.457       8.3216       6.3555
45           18           20       10.392
46            6           20           20
47            6            0            0
48       18.344       9.6605            0
49            0       13.333           20
50            0            0       6.6667
51       12.937       8.6774       12.266
52           21           20       5.1962
53           21       14.804            0
54           15           20       15.588
55       12.395        3.318       7.5147
56       9.4621       4.5644        13.27
57            9       14.804           20
58            9            0       5.1962
59       4.7509       5.0052       16.373
60       16.226       4.0605            0
61       20.096       10.224       6.2616
62       6.0849            0        10.26
63       6.0849       9.7397           20
64           12           20           20
65           12            0            0
66       16.915       16.153       15.665
67       22.159        16.02       8.1728
68           24           20            0
69            0            0       13.333
70            0       6.6667           20
71       15.751       3.9699       9.6668
72       17.766       8.3914        12.23
73       16.585       10.689       15.814
74       20.886       13.546        12.34
75           15            0       5.1962
76           15       14.804           20
77       21.392       6.6735       5.2025
78       24.038       10.704            0
79       12.425            0       11.302
80       12.425       8.6984           20
81           24           20       10.392
82           21           20       15.588
83       16.335       5.3171       14.923
84       11.792       3.2027       16.877
85       8.7893            0       15.139
86       8.7893       4.8609           20
87       22.127       5.0711            0
88       23.969       10.757       7.9066
89           18           20           20
90           18            0            0
91           27           20       5.1962
92       24.889       8.8188       4.4671
93       27.375       15.655            0
94       26.617       14.339       5.6195
95       20.246       4.6344       12.007
96       19.768       7.0147       15.365
97            0            0           20
98            6            0           20
99       18.344            0        10.34
100       18.344       9.6605           20
101       23.915       6.6734       10.437
102           21       14.804           20
103           21            0       5.1962
104       23.932       15.528        16.82
105       24.566       11.987       14.507
106        24.66        3.759       3.8013
107       26.932       15.528       11.886
108           30           20            0
109       28.064       12.698       8.6977
110       16.226            0       15.939
111       16.226       4.0605           20
112       26.748        5.359            0
113       26.797           20       14.872
114           12            0           20
115       30.671       17.034       3.9493
116       27.653       7.4445       7.2034
117           24           20           20
118           24            0            0
119           30       10.392            0
120       19.928       2.6727       17.325
121           30           20       10.392
122       24.038            0       9.2962
123       24.038       10.704           20
124       28.011       8.7631       12.507
125       23.697       4.4582       16.428
126       31.879       11.667       3.7505
127       22.127            0       14.929
128       22.127       5.0711           20
129           18            0           20
130       28.333       13.237       16.729
131       33.203       14.872            0
132       33.252           20        5.359
133       26.843       7.7619       16.625
134       27.375            0       4.3455
135       27.375       15.655           20
136       33.148       14.667       8.1795
137       31.728       14.426       13.338
138       32.366        9.352       9.2389
139       30.623       4.3418       10.602
140           36           20            0
141       32.417       5.3292       5.5222
142           30           20           20
143           30            0            0
144       35.708       15.528       3.4767
145           33       5.1962            0
146       32.625           20       15.655
147       26.748            0       14.641
148       26.748        5.359           20
149       29.755       4.4887       15.777
150           24            0           20
151           36       10.392            0
152           30            0       9.6077
153           30       10.392           20
154       35.962           20       10.704
155       35.206       17.516       14.291
156       37.873           20       5.0711
157       36.688        10.95       6.2788
158       33.626       8.3302        14.47
159       35.886       5.8553       4.4363
160       33.203            0       5.1277
161       33.203       14.872           20
162       36.484       12.049       11.641
163           39       15.588            0
164       38.504       15.763        8.162
165       35.246       12.966       16.897
166           36           20           20
167           36            0            0
168           30            0           20
169           33            0       14.804
170           33       5.1962           20
171       40.789        13.52         3.72
172           39           20       14.804
173           39       5.1962            0
174       38.671       6.6818       9.0796
175         39.3       15.719       14.176
176           42           20            0
177           36            0       9.6077
