%==================================================================
%                        General Data File
% Title: HEXAHEDRA
% Units: SI
% Dimensions: 3D
% Type of problem: Plane_Stress
% Type of Phisics: ELASTIC
% Micro/Macro: MACRO
%
%==================================================================

%% Data

Data_prb = {
'HEXAHEDRA';
'SI';
'3D';
'Plane_Stress';
'ELASTIC';
'MACRO';
};

%% Coordinates
% Node                X                Y                Z

gidcoord = [
1            0           20           20
2            5           20           20
3            0           15           20
4            0           20           15
5            5           20           15
6            5           15           20
7            0           15           15
8            5           15           15
9            0           20           10
10           10           20           20
11            0           10           20
12           10           20           15
13            5           20           10
14            0           15           10
15            0           10           15
16           10           15           20
17            5           10           20
18           10           15           15
19            5           10           15
20            5           15           10
21           10           20           10
22            0           10           10
23           10           10           20
24           10           10           15
25            0           20            5
26           15           20           20
27           10           15           10
28            0            5           20
29            5           10           10
30           15           15           20
31            5            5           20
32            5           20            5
33            0           15            5
34            0            5           15
35           15           20           15
36           15           15           15
37            5            5           15
38            5           15            5
39           10           10           10
40           10           20            5
41            0            5           10
42           10            5           20
43           15           10           20
44            0           10            5
45           15           20           10
46           15           15           10
47            5           10            5
48           15           10           15
49           10            5           15
50           10           15            5
51            5            5           10
52           20           20           20
53            0           20            0
54            0            0           20
55           10            5           10
56           10           10            5
57           15           10           10
58           20           20           15
59            5            0           20
60            0            0           15
61            5           20            0
62            0           15            0
63           20           15           20
64           15            5           20
65            0            5            5
66            5            0           15
67            5           15            0
68           20           15           15
69           15           20            5
70            5            5            5
71           15           15            5
72           15            5           15
73           20           20           10
74            0            0           10
75           10            0           20
76            0           10            0
77           10           20            0
78           20           10           20
79           10            0           15
80            5            0           10
81           20           15           10
82            5           10            0
83           10           15            0
84           20           10           15
85           10            5            5
86           15            5           10
87           15           10            5
88           10           10            0
89           10            0           10
90           20           10           10
91           20           20            5
92           25           20           20
93           15            0           20
94            0            0            5
95            0            5            0
96           15           20            0
97           20            5           20
98           15           15            0
99            5            5            0
100           20           15            5
101            5            0            5
102           25           20           15
103           15            0           15
104           20            5           15
105           25           15           20
106           15            5            5
107           25           15           15
108           25           10           20
109           10            0            5
110           15           10            0
111           10            5            0
112           20            5           10
113           20           10            5
114           25           20           10
115           15            0           10
116           25           10           15
117           25           15           10
118           20            0           20
119           20           20            0
120            0            0            0
121           25           10           10
122            5            0            0
123           20           15            0
124           20            0           15
125           25            5           20
126           25           20            5
127           15            5            0
128           20            5            5
129           15            0            5
130           25            5           15
131           25           15            5
132           30           20           20
133           10            0            0
134           20           10            0
135           20            0           10
136           30           15           20
137           30           20           15
138           25            5           10
139           25           10            5
140           30           15           15
141           30           10           20
142           30           20           10
143           30           15           10
144           30           10           15
145           25            0           20
146           15            0            0
147           20            0            5
148           25           20            0
149           20            5            0
150           25            0           15
151           25           15            0
152           25            5            5
153           30           10           10
154           30            5           20
155           25           10            0
156           30           20            5
157           25            0           10
158           30            5           15
159           30           15            5
160           20            0            0
161           30           10            5
162           30            5           10
163           35           20           20
164           25            5            0
165           35           15           20
166           25            0            5
167           35           20           15
168           35           15           15
169           30           20            0
170           30           20            0
171           30            0           20
172           30       16.667            0
173           35           10           20
174           30           15            0
175           35           20           10
176           30            0           15
177           30       13.333            0
