%==================================================================
%                        General Data File
% Title: HEXAHEDRA
% Units: SI
% Dimensions: 3D
% Type of problem: Plane_Stress
% Type of Phisics: ELASTIC
% Micro/Macro: MACRO
%
%==================================================================

%% Data

Data_prb = {
'HEXAHEDRA';
'SI';
'3D';
'Plane_Stress';
'ELASTIC';
'MACRO';
};

%% Coordinates
% Node                X                Y                Z

coord = [
1           12            0            2
2           12          0.5          1.5
3           12         -0.5          1.5
4           12   4.4409e-16            1
5         10.8            0            2
6         10.8         -0.5          1.5
7         10.8          0.5          1.5
8           12           -1            1
9           12            1            1
10         10.8   4.7184e-16            1
11           12          0.5          0.5
12           12         -0.5          0.5
13         10.8            1            1
14         10.8           -1            1
15         10.8          0.5          0.5
16         10.8         -0.5          0.5
17           12            0            0
18           12          1.5          0.5
19           12         -1.5          0.5
20           12           -1            0
21           12            1            0
22         10.8            0            0
23          9.6            0            2
24         10.8          1.5          0.5
25         10.8         -1.5          0.5
26          9.6         -0.5          1.5
27          9.6          0.5          1.5
28         10.8           -1  -2.7756e-17
29         10.8            1            0
30           12          0.5         -0.5
31           12         -0.5         -0.5
32          9.6   4.4409e-16            1
33          9.6            1            1
34          9.6           -1            1
35         10.8          0.5         -0.5
36         10.8         -0.5         -0.5
37           12           -2            0
38           12            2            0
39          9.6          0.5          0.5
40          9.6         -0.5          0.5
41           12         -1.5         -0.5
42           12          1.5         -0.5
43           12   4.4409e-16           -1
44         10.8            2            0
45         10.8           -2            0
46          9.6            0            0
47         10.8          1.5         -0.5
48         10.8         -1.5         -0.5
49           12           -1           -1
50           12            1           -1
51          9.6          1.5          0.5
52          9.6         -1.5          0.5
53         10.8   4.4409e-16           -1
54          9.6           -1            0
55          9.6            1  -2.7756e-17
56         10.8           -1           -1
57         10.8            1           -1
58          9.6          0.5         -0.5
59          9.6         -0.5         -0.5
60           12         -0.5         -1.5
61           12          0.5         -1.5
62          8.4            0            2
63          8.4         -0.5          1.5
64          8.4          0.5          1.5
65          9.6           -2            0
66          9.6            2            0
67         10.8          0.5         -1.5
68         10.8         -0.5         -1.5
69          8.4   4.4409e-16            1
70          9.6         -1.5         -0.5
71          9.6          1.5         -0.5
72          9.6   4.7184e-16           -1
73          8.4           -1            1
74          8.4            1            1
75          8.4         -0.5          0.5
76          8.4          0.5          0.5
77          9.6           -1           -1
78          9.6            1           -1
79           12            0           -2
80          8.4            0            0
81         10.8            0           -2
82          8.4         -1.5          0.5
83          8.4          1.5          0.5
84          8.4           -1  -2.7756e-17
85          8.4            1            0
86          9.6         -0.5         -1.5
87          9.6          0.5         -1.5
88          8.4         -0.5         -0.5
89          8.4          0.5         -0.5
90          8.4            2            0
91          8.4           -2            0
92          8.4         -1.5         -0.5
93          8.4          1.5         -0.5
94          9.6            0           -2
95          8.4   4.4409e-16           -1
96          8.4            1           -1
97          8.4           -1           -1
98          7.2            0            2
99          7.2          0.5          1.5
100          7.2         -0.5          1.5
101          7.2   4.4409e-16            1
102          7.2            1            1
103          7.2           -1            1
104          8.4         -0.5         -1.5
105          8.4          0.5         -1.5
106          7.2         -0.5          0.5
107          7.2          0.5          0.5
108          7.2  -5.5511e-17   5.5511e-17
109          7.2         -1.5          0.5
110          7.2          1.5          0.5
111          7.2            1  -5.5511e-17
112          7.2           -1   5.5511e-17
113          8.4            0           -2
114          7.2         -0.5         -0.5
115          7.2          0.5         -0.5
116          7.2           -2            0
117          7.2            2            0
118          7.2          1.5         -0.5
119          7.2         -1.5         -0.5
120          7.2    4.996e-16           -1
121          7.2           -1           -1
122          7.2            1           -1
123          7.2         -0.5         -1.5
124          7.2          0.5         -1.5
125            6            0            2
126            6          0.5          1.5
127            6         -0.5          1.5
128            6   4.4409e-16            1
129            6           -1            1
130            6            1            1
131            6          0.5          0.5
132            6         -0.5          0.5
133          7.2            0           -2
134            6            0            0
135            6          1.5          0.5
136            6         -1.5          0.5
137            6            1            0
138            6           -1   2.7756e-17
139            6          0.5         -0.5
140            6         -0.5         -0.5
141            6            2            0
142            6           -2            0
143            6          1.5         -0.5
144            6         -1.5         -0.5
145            6   4.4409e-16           -1
146            6           -1           -1
147            6            1           -1
148            6         -0.5         -1.5
149            6          0.5         -1.5
150          4.8            0            2
151            6            0           -2
152          4.8          0.5          1.5
153          4.8         -0.5          1.5
154          4.8   4.4409e-16            1
155          4.8            1            1
156          4.8           -1            1
157          4.8         -0.5          0.5
158          4.8          0.5          0.5
159          4.8  -2.7756e-17   2.7756e-17
160          4.8          1.5          0.5
161          4.8         -1.5          0.5
162          4.8            1            0
163          4.8           -1            0
164          4.8          0.5         -0.5
165          4.8         -0.5         -0.5
166          4.8           -2            0
167          4.8            2            0
168          4.8          1.5         -0.5
169          4.8         -1.5         -0.5
170          4.8   4.4409e-16           -1
171          4.8           -1           -1
172          4.8            1           -1
173          4.8          0.5         -1.5
174          4.8         -0.5         -1.5
175          4.8            0           -2
176          3.6            0            2
177          3.6         -0.5          1.5
