%==================================================================
%                        General Data File
% Title: TRIANGLE
% Units: SI
% Dimensions: 2D
% Type of problem: Plane_Stress
% Type of Phisics: ELASTIC
% Micro/Macro: MACRO
%
%==================================================================

%% Data

Data_prb = {
'TRIANGLE';
'SI';
'2D';
'Plane_Stress';
'ELASTIC';
'MACRO';
};

%% Coordinates
% Node                X                Y                Z

coord = [
1            0            1            0
2     0.055556            1            0
3            0      0.94444            0
4     0.055556      0.94444            0
5      0.11111            1            0
6            0      0.88889            0
7      0.10337      0.91615            0
8     0.047811      0.86059            0
9      0.16667            1            0
10            0      0.83333            0
11      0.16167      0.93198            0
12     0.095622      0.83229            0
13     0.047811      0.80503            0
14      0.15392      0.84813            0
15      0.22222            1            0
16            0      0.77778            0
17      0.21722      0.93198            0
18     0.095443      0.77726            0
19      0.21222      0.86396            0
20     0.047631         0.75            0
21      0.25907      0.95527            0
22      0.15641      0.78819            0
23      0.27778            1            0
24            0      0.72222            0
25      0.25407      0.88725            0
26      0.21471      0.80402            0
27     0.095263      0.72222            0
28      0.26139      0.83945            0
29      0.29592      0.91053            0
30      0.15623      0.73316            0
31     0.047631      0.69444            0
32      0.31463      0.95527            0
33      0.30324      0.86274            0
34            0      0.66667            0
35      0.33333            1            0
36       0.2172      0.74409            0
37      0.26388      0.77951            0
38      0.11438      0.67193            0
39      0.31056      0.81494            0
40     0.066752      0.64415            0
41      0.17535      0.68286            0
42      0.34859      0.89215            0
43       0.3673      0.93689            0
44      0.26665      0.72471            0
45      0.23192      0.69306            0
46      0.35591      0.84436            0
47            0      0.61111            0
48      0.38889            1            0
49      0.31333      0.76014            0
50       0.1335      0.62163            0
51      0.19007      0.63183            0
52      0.35921      0.78954            0
53     0.066752      0.58859            0
54      0.40126      0.87377            0
55      0.42285      0.93689            0
56      0.28137      0.67368            0
57       0.3161      0.70533            0
58      0.24664      0.64203            0
59      0.40455      0.81896            0
60            0      0.55556            0
61      0.44444            1            0
62      0.36197      0.73474            0
63      0.44894      0.89589            0
64      0.18431      0.57729            0
65      0.13691      0.55478            0
66      0.40785      0.76414            0
67      0.47053        0.959            0
68      0.32023      0.65062            0
69      0.45024      0.84895            0
70       0.2855      0.61896            0
71      0.24087      0.58748            0
72     0.070155      0.52174            0
73       0.3653      0.68192            0
74      0.45354      0.79413            0
75            0          0.5            0
76          0.5            1            0
77      0.41117      0.71132            0
78      0.49662        0.918            0
79      0.49792      0.87106            0
80      0.27974      0.56442            0
81      0.32437       0.5959            0
82      0.23511      0.53294            0
83      0.18771      0.51043            0
84      0.36943       0.6272            0
85       0.4572      0.74066            0
86      0.52609        0.959            0
87      0.49923      0.82412            0
88      0.14031      0.48792            0
89       0.4145      0.65851            0
90     0.070155      0.46618            0
91      0.53962      0.90506            0
92      0.50289      0.77065            0
93            0      0.44444            0
94      0.55556            1            0
95      0.46052      0.68784            0
96      0.54092      0.85812            0
97      0.36957      0.57852            0
98      0.23557       0.4889            0
99      0.32987      0.54275            0
100      0.18817      0.46639            0
101      0.28524      0.51127            0
102      0.41463      0.60982            0
103      0.56908      0.94606            0
104      0.50655      0.71717            0
105      0.54493      0.79612            0
106       0.1447      0.43372            0
107      0.46359      0.63465            0
108      0.58261      0.89212            0
109     0.074543      0.41198            0
110      0.23602      0.44486            0
111      0.41476      0.56114            0
112       0.2857      0.46723            0
113      0.37507      0.52537            0
114      0.54859      0.74265            0
115      0.50961      0.66398            0
116      0.33537       0.4896            0
117      0.58662      0.83012            0
118            0      0.38889            0
119      0.61111            1            0
120      0.19255      0.41219            0
121      0.46372      0.58596            0
122      0.62464      0.94606            0
123        0.551       0.6878            0
124      0.59063      0.76812            0
125      0.14909      0.37951            0
126      0.51267      0.61078            0
127     0.074543      0.35642            0
128      0.41466        0.502            0
129      0.63282      0.85933            0
130      0.28128      0.41453            0
131      0.37496      0.46623            0
132      0.33095       0.4369            0
133      0.46095      0.53149            0
134      0.23481      0.38584            0
135      0.59305      0.71328            0
136      0.55407      0.63461            0
137            0      0.33333            0
138      0.66667            1            0
139      0.63683      0.79733            0
140      0.19134      0.35317            0
141       0.5099      0.55631            0
142      0.67484      0.91327            0
143      0.59546      0.65844            0
144      0.63917      0.74247            0
145      0.14501      0.32592            0
146      0.37054      0.41353            0
147      0.41455      0.44286            0
148      0.32653       0.3842            0
149      0.55758      0.57983            0
150      0.46085      0.47235            0
151      0.07047      0.30283            0
152      0.28007      0.35551            0
153      0.68302      0.82653            0
154      0.50714      0.50183            0
155       0.2336      0.32682            0
156      0.64159      0.68763            0
157      0.59897      0.60365            0
158            0      0.27778            0
159      0.72222            1            0
160      0.68536      0.77168            0
161      0.72277      0.95228            0
162      0.18727      0.29957            0
163      0.55481      0.52535            0
164      0.41456      0.39346            0
165      0.37055      0.36413            0
166      0.64446      0.63438            0
167      0.14094      0.27233            0
168      0.73095      0.86555            0
169      0.68771      0.71683            0
170      0.46342      0.41786            0
171      0.32878      0.33082            0
172      0.50971      0.44735            0
173      0.60248      0.54887            0
174      0.28231      0.30213            0
175      0.07047      0.24728            0
176      0.73154      0.80084            0
177      0.55473      0.47815            0
