%==================================================================
%                        General Data File
% Title: QUADRILATERAL SERENDIPITY
% Units: SI
% Dimensions: 2D
% Type of problem: Plane_Stress
% Type of Phisics: ELASTIC
% Micro/Macro: MACRO
%
%==================================================================

%% Data

Data_prb = {
'QUAD';
'SI';
'2D';
'Plane_Stress';
'ELASTIC';
'MACRO';
};

%% Coordinates
% Node                X                Y                Z

coord = [
1            2            0            0
2            2        0.025            0
3            2         0.05            0
4            2        0.075            0
5            2          0.1            0
6          1.9            0            0
7          1.9         0.05            0
8            2        0.125            0
9          1.9          0.1            0
10            2         0.15            0
11            2        0.175            0
12          1.9         0.15            0
13          1.8            0            0
14            2          0.2            0
15          1.8        0.025            0
16          1.8         0.05            0
17          1.8        0.075            0
18          1.8          0.1            0
19          1.9          0.2            0
20            2        0.225            0
21          1.8        0.125            0
22            2         0.25            0
23          1.8         0.15            0
24          1.8        0.175            0
25          1.9         0.25            0
26            2        0.275            0
27          1.8          0.2            0
28          1.7            0            0
29            2          0.3            0
30          1.8        0.225            0
31          1.7         0.05            0
32          1.7          0.1            0
33          1.9          0.3            0
34          1.8         0.25            0
35            2        0.325            0
36          1.7         0.15            0
37          1.8        0.275            0
38            2         0.35            0
39          1.7          0.2            0
40          1.8          0.3            0
41          1.9         0.35            0
42            2        0.375            0
43          1.8        0.325            0
44          1.7         0.25            0
45          1.6            0            0
46            2          0.4            0
47          1.6        0.025            0
48          1.8         0.35            0
49          1.6         0.05            0
50          1.6        0.075            0
51          1.6          0.1            0
52          1.9          0.4            0
53          1.6        0.125            0
54          1.7          0.3            0
55          1.8        0.375            0
56            2        0.425            0
57          1.6         0.15            0
58          1.6        0.175            0
59          1.8          0.4            0
60          1.6          0.2            0
61            2         0.45            0
62          1.6        0.225            0
63          1.9         0.45            0
64          1.7         0.35            0
65          1.8        0.425            0
66          1.6         0.25            0
67            2        0.475            0
68          1.6        0.275            0
69          1.8         0.45            0
70            2          0.5            0
71          1.7          0.4            0
72          1.5            0            0
73          1.6          0.3            0
74          1.5         0.05            0
75          1.9          0.5            0
76          1.5          0.1            0
77          1.6        0.325            0
78          1.8        0.475            0
79          1.5         0.15            0
80            2        0.525            0
81          1.6         0.35            0
82          1.5          0.2            0
83          1.8          0.5            0
84          1.7         0.45            0
85          1.6        0.375            0
86            2         0.55            0
87          1.9         0.55            0
88          1.5         0.25            0
89          1.8        0.525            0
90          1.6          0.4            0
91            2        0.575            0
92          1.7          0.5            0
93          1.5          0.3            0
94          1.6        0.425            0
95          1.8         0.55            0
96            2          0.6            0
97          1.4            0            0
98          1.4        0.025            0
99          1.4         0.05            0
100          1.6         0.45            0
101          1.4        0.075            0
102          1.4          0.1            0
103          1.9          0.6            0
104          1.8        0.575            0
105          1.5         0.35            0
106          1.4        0.125            0
107          1.4         0.15            0
108          1.6        0.475            0
109            2        0.625            0
110          1.4        0.175            0
111          1.7         0.55            0
112          1.4          0.2            0
113          1.8          0.6            0
114          1.5          0.4            0
115          1.6          0.5            0
116          1.4        0.225            0
117            2         0.65            0
118          1.4         0.25            0
119          1.8        0.625            0
120          1.9         0.65            0
121          1.4        0.275            0
122          1.6        0.525            0
123          1.7          0.6            0
124          1.4          0.3            0
125          1.5         0.45            0
126            2        0.675            0
127          1.8         0.65            0
128          1.6         0.55            0
129          1.4        0.325            0
130          1.4         0.35            0
131            2          0.7            0
132          1.3            0            0
133          1.6        0.575            0
134          1.3         0.05            0
135          1.8        0.675            0
136          1.5          0.5            0
137          1.9          0.7            0
138          1.3          0.1            0
139          1.4        0.375            0
140          1.7         0.65            0
141          1.3         0.15            0
142          1.4          0.4            0
143          1.6          0.6            0
144            2        0.725            0
145          1.8          0.7            0
146          1.3          0.2            0
147          1.4        0.425            0
148          1.6        0.625            0
149          1.5         0.55            0
150          1.3         0.25            0
151          1.4         0.45            0
152            2         0.75            0
153          1.8        0.725            0
154          1.9         0.75            0
155          1.7          0.7            0
156          1.3          0.3            0
157          1.6         0.65            0
158          1.4        0.475            0
159            2        0.775            0
160          1.8         0.75            0
161          1.4          0.5            0
162          1.5          0.6            0
163          1.3         0.35            0
164          1.6        0.675            0
165          1.4        0.525            0
166            2          0.8            0
167          1.2            0            0
168          1.8        0.775            0
169          1.2        0.025            0
170          1.2         0.05            0
171          1.2        0.075            0
172          1.9          0.8            0
173          1.2          0.1            0
174          1.6          0.7            0
175          1.3          0.4            0
176          1.7         0.75            0
177          1.2        0.125            0
