%==================================================================
%                        General Data File
% Title: QUADRILATERAL BILINEAR
% Units: SI
% Dimensions: 2D
% Type of problem: Plane_Stress
% Type of Phisics: ELASTIC
% Micro/Macro: MACRO
%
%==================================================================

%% Data

Data_prb = {
'QUAD';
'SI';
'2D';
'Plane_Stress';
'ELASTIC';
'MACRO';
};

%% Coordinates
% Node                X                Y                Z

coord = [
1            2            0            0
2            2         0.05            0
3            2          0.1            0
4            2         0.15            0
5          1.8            0            0
6            2          0.2            0
7          1.8         0.05            0
8          1.8          0.1            0
9            2         0.25            0
10          1.8         0.15            0
11          1.8          0.2            0
12            2          0.3            0
13          1.8         0.25            0
14            2         0.35            0
15          1.8          0.3            0
16          1.6            0            0
17            2          0.4            0
18          1.8         0.35            0
19          1.6         0.05            0
20          1.6          0.1            0
21          1.6         0.15            0
22          1.8          0.4            0
23          1.6          0.2            0
24            2         0.45            0
25          1.6         0.25            0
26          1.8         0.45            0
27            2          0.5            0
28          1.6          0.3            0
29          1.6         0.35            0
30          1.8          0.5            0
31            2         0.55            0
32          1.6          0.4            0
33          1.8         0.55            0
34            2          0.6            0
35          1.4            0            0
36          1.4         0.05            0
37          1.6         0.45            0
38          1.4          0.1            0
39          1.4         0.15            0
40          1.4          0.2            0
41          1.8          0.6            0
42          1.6          0.5            0
43            2         0.65            0
44          1.4         0.25            0
45          1.4          0.3            0
46          1.8         0.65            0
47          1.6         0.55            0
48          1.4         0.35            0
49            2          0.7            0
50          1.4          0.4            0
51          1.6          0.6            0
52          1.8          0.7            0
53          1.4         0.45            0
54            2         0.75            0
55          1.6         0.65            0
56          1.8         0.75            0
57          1.4          0.5            0
58          1.2            0            0
59            2          0.8            0
60          1.2         0.05            0
61          1.2          0.1            0
62          1.6          0.7            0
63          1.2         0.15            0
64          1.4         0.55            0
65          1.2          0.2            0
66          1.8          0.8            0
67          1.2         0.25            0
68          1.4          0.6            0
69            2         0.85            0
70          1.6         0.75            0
71          1.2          0.3            0
72          1.8         0.85            0
73          1.2         0.35            0
74          1.4         0.65            0
75          1.2          0.4            0
76          1.6          0.8            0
77            2          0.9            0
78          1.2         0.45            0
79          1.4          0.7            0
80          1.8          0.9            0
81          1.6         0.85            0
82          1.2          0.5            0
83            2         0.95            0
84          1.4         0.75            0
85          1.2         0.55            0
86          1.8         0.95            0
87          1.6          0.9            0
88          1.2          0.6            0
89          1.4          0.8            0
90            2            1            0
91            1            0            0
92            1         0.05            0
93            1          0.1            0
94            1         0.15            0
95            1          0.2            0
96          1.8            1            0
97            1         0.25            0
98          1.2         0.65            0
99          1.6         0.95            0
100          1.4         0.85            0
101            1          0.3            0
102            1         0.35            0
103          1.2          0.7            0
104          1.6            1            0
105            1          0.4            0
106          1.4          0.9            0
107            1         0.45            0
108          1.2         0.75            0
109            1          0.5            0
110          1.4         0.95            0
111          1.2          0.8            0
112            1         0.55            0
113            1          0.6            0
114          1.4            1            0
115          1.2         0.85            0
116            1         0.65            0
117          0.8            0            0
118          0.8         0.05            0
119          0.8          0.1            0
120          1.2          0.9            0
121          0.8         0.15            0
122          0.8          0.2            0
123            1          0.7            0
124          0.8         0.25            0
125          0.8          0.3            0
126          1.2         0.95            0
127          0.8         0.35            0
128            1         0.75            0
129          0.8          0.4            0
130            1          0.8            0
131          1.2            1            0
132          0.8         0.45            0
133          0.8          0.5            0
134            1         0.85            0
135          0.8         0.55            0
136          0.8          0.6            0
137            1          0.9            0
138          0.8         0.65            0
139            1         0.95            0
140          0.8          0.7            0
141          0.6            0            0
142          0.6         0.05            0
143          0.6          0.1            0
144          0.6         0.15            0
145            1            1            0
146          0.6          0.2            0
147          0.8         0.75            0
148          0.6         0.25            0
149          0.6          0.3            0
150          0.8          0.8            0
151          0.6         0.35            0
152          0.6          0.4            0
153          0.8         0.85            0
154          0.6         0.45            0
155          0.6          0.5            0
156          0.8          0.9            0
157          0.6         0.55            0
158          0.6          0.6            0
159          0.8         0.95            0
160          0.6         0.65            0
161          0.8            1            0
162          0.6          0.7            0
163          0.6         0.75            0
164          0.4            0            0
165          0.4         0.05            0
166          0.4          0.1            0
167          0.4         0.15            0
168          0.4          0.2            0
169          0.6          0.8            0
170          0.4         0.25            0
171          0.4          0.3            0
172          0.6         0.85            0
