%==================================================================
%                        General Data File
% Title: QUADRILATERAL BIQUADRATIC
% Units: SI
% Dimensions: 2D
% Type of problem: Plane_Stress
% Type of Phisics: ELASTIC
% Micro/Macro: MACRO
%
%==================================================================

%% Data

Data_prb = {
'QUAD';
'SI';
'2D';
'Plane_Stress';
'ELASTIC';
'MACRO';
};

%% Coordinates
% Node                X                Y                Z

coord = [
1            2            0            0
2            2        0.025            0
3            2         0.05            0
4            2        0.075            0
5            2          0.1            0
6          1.9            0            0
7          1.9        0.025            0
8          1.9         0.05            0
9          1.9        0.075            0
10            2        0.125            0
11          1.9          0.1            0
12            2         0.15            0
13          1.9        0.125            0
14            2        0.175            0
15          1.9         0.15            0
16          1.8            0            0
17            2          0.2            0
18          1.8        0.025            0
19          1.9        0.175            0
20          1.8         0.05            0
21          1.8        0.075            0
22          1.8          0.1            0
23          1.9          0.2            0
24            2        0.225            0
25          1.8        0.125            0
26          1.9        0.225            0
27          1.8         0.15            0
28            2         0.25            0
29          1.8        0.175            0
30          1.9         0.25            0
31            2        0.275            0
32          1.8          0.2            0
33          1.9        0.275            0
34          1.7            0            0
35            2          0.3            0
36          1.8        0.225            0
37          1.7        0.025            0
38          1.7         0.05            0
39          1.7        0.075            0
40          1.9          0.3            0
41          1.7          0.1            0
42          1.8         0.25            0
43          1.7        0.125            0
44            2        0.325            0
45          1.7         0.15            0
46          1.9        0.325            0
47          1.8        0.275            0
48          1.7        0.175            0
49            2         0.35            0
50          1.8          0.3            0
51          1.7          0.2            0
52          1.9         0.35            0
53            2        0.375            0
54          1.7        0.225            0
55          1.8        0.325            0
56          1.9        0.375            0
57          1.7         0.25            0
58          1.6            0            0
59            2          0.4            0
60          1.6        0.025            0
61          1.6         0.05            0
62          1.8         0.35            0
63          1.6        0.075            0
64          1.7        0.275            0
65          1.9          0.4            0
66          1.6          0.1            0
67          1.6        0.125            0
68          1.7          0.3            0
69          1.8        0.375            0
70            2        0.425            0
71          1.6         0.15            0
72          1.9        0.425            0
73          1.6        0.175            0
74          1.7        0.325            0
75          1.8          0.4            0
76          1.6          0.2            0
77            2         0.45            0
78          1.6        0.225            0
79          1.9         0.45            0
80          1.7         0.35            0
81          1.8        0.425            0
82          1.6         0.25            0
83            2        0.475            0
84          1.7        0.375            0
85          1.6        0.275            0
86          1.9        0.475            0
87          1.8         0.45            0
88          1.6          0.3            0
89            2          0.5            0
90          1.7          0.4            0
91          1.5            0            0
92          1.5        0.025            0
93          1.5         0.05            0
94          1.5        0.075            0
95          1.9          0.5            0
96          1.5          0.1            0
97          1.6        0.325            0
98          1.8        0.475            0
99          1.5        0.125            0
100          1.7        0.425            0
101          1.5         0.15            0
102            2        0.525            0
103          1.5        0.175            0
104          1.6         0.35            0
105          1.9        0.525            0
106          1.8          0.5            0
107          1.5          0.2            0
108          1.7         0.45            0
109          1.6        0.375            0
110          1.5        0.225            0
111            2         0.55            0
112          1.5         0.25            0
113          1.9         0.55            0
114          1.8        0.525            0
115          1.7        0.475            0
116          1.6          0.4            0
117          1.5        0.275            0
118            2        0.575            0
119          1.7          0.5            0
120          1.5          0.3            0
121          1.6        0.425            0
122          1.9        0.575            0
123          1.8         0.55            0
124          1.5        0.325            0
125            2          0.6            0
126          1.4            0            0
127          1.4        0.025            0
128          1.4         0.05            0
129          1.6         0.45            0
130          1.7        0.525            0
131          1.4        0.075            0
132          1.9          0.6            0
133          1.4          0.1            0
134          1.8        0.575            0
135          1.5         0.35            0
136          1.4        0.125            0
137          1.4         0.15            0
138          1.6        0.475            0
139            2        0.625            0
140          1.4        0.175            0
141          1.5        0.375            0
142          1.7         0.55            0
143          1.4          0.2            0
144          1.8          0.6            0
145          1.9        0.625            0
146          1.6          0.5            0
147          1.5          0.4            0
148          1.4        0.225            0
149          1.7        0.575            0
150            2         0.65            0
151          1.4         0.25            0
152          1.5        0.425            0
153          1.8        0.625            0
154          1.9         0.65            0
155          1.6        0.525            0
156          1.4        0.275            0
157          1.7          0.6            0
158          1.4          0.3            0
159          1.5         0.45            0
160            2        0.675            0
161          1.6         0.55            0
162          1.8         0.65            0
163          1.4        0.325            0
164          1.9        0.675            0
165          1.5        0.475            0
166          1.7        0.625            0
167          1.4         0.35            0
168            2          0.7            0
169          1.3            0            0
170          1.3        0.025            0
171          1.6        0.575            0
172          1.3         0.05            0
173          1.3        0.075            0
174          1.8        0.675            0
175          1.9          0.7            0
176          1.5          0.5            0
177          1.3          0.1            0
