%% Data
Data_prb = {
'TRIANGLE';
'SI';
'2D';
'Plane_Stress';
'ELASTIC';
'MACRO';
};
%% Coordinates
% Node
gidcoord = [
1 0.000000 0.000000 0.000000;
2 0.000000 0.052632 0.000000;
3 0.000000 0.105263 0.000000;
4 0.000000 0.157895 0.000000;
5 0.000000 0.210526 0.000000;
6 0.000000 0.263158 0.000000;
7 0.000000 0.315789 0.000000;
8 0.000000 0.368421 0.000000;
9 0.000000 0.421053 0.000000;
10 0.000000 0.473684 0.000000;
11 0.000000 0.526316 0.000000;
12 0.000000 0.578947 0.000000;
13 0.000000 0.631579 0.000000;
14 0.000000 0.684211 0.000000;
15 0.000000 0.736842 0.000000;
16 0.000000 0.789474 0.000000;
17 0.000000 0.842105 0.000000;
18 0.000000 0.894737 0.000000;
19 0.000000 0.947368 0.000000;
20 0.000000 1.000000 0.000000;
21 0.222222 0.000000 0.000000;
22 0.222222 0.052632 0.000000;
23 0.222222 0.105263 0.000000;
24 0.222222 0.157895 0.000000;
25 0.222222 0.210526 0.000000;
26 0.222222 0.263158 0.000000;
27 0.222222 0.315789 0.000000;
28 0.222222 0.368421 0.000000;
29 0.222222 0.421053 0.000000;
30 0.222222 0.473684 0.000000;
31 0.222222 0.526316 0.000000;
32 0.222222 0.578947 0.000000;
33 0.222222 0.631579 0.000000;
34 0.222222 0.684211 0.000000;
35 0.222222 0.736842 0.000000;
36 0.222222 0.789474 0.000000;
37 0.222222 0.842105 0.000000;
38 0.222222 0.894737 0.000000;
39 0.222222 0.947368 0.000000;
40 0.222222 1.000000 0.000000;
41 0.444444 0.000000 0.000000;
42 0.444444 0.052632 0.000000;
43 0.444444 0.105263 0.000000;
44 0.444444 0.157895 0.000000;
45 0.444444 0.210526 0.000000;
46 0.444444 0.263158 0.000000;
47 0.444444 0.315789 0.000000;
48 0.444444 0.368421 0.000000;
49 0.444444 0.421053 0.000000;
50 0.444444 0.473684 0.000000;
51 0.444444 0.526316 0.000000;
52 0.444444 0.578947 0.000000;
53 0.444444 0.631579 0.000000;
54 0.444444 0.684211 0.000000;
55 0.444444 0.736842 0.000000;
56 0.444444 0.789474 0.000000;
57 0.444444 0.842105 0.000000;
58 0.444444 0.894737 0.000000;
59 0.444444 0.947368 0.000000;
60 0.444444 1.000000 0.000000;
61 0.666667 0.000000 0.000000;
62 0.666667 0.052632 0.000000;
63 0.666667 0.105263 0.000000;
64 0.666667 0.157895 0.000000;
65 0.666667 0.210526 0.000000;
66 0.666667 0.263158 0.000000;
67 0.666667 0.315789 0.000000;
68 0.666667 0.368421 0.000000;
69 0.666667 0.421053 0.000000;
70 0.666667 0.473684 0.000000;
71 0.666667 0.526316 0.000000;
72 0.666667 0.578947 0.000000;
73 0.666667 0.631579 0.000000;
74 0.666667 0.684211 0.000000;
75 0.666667 0.736842 0.000000;
76 0.666667 0.789474 0.000000;
77 0.666667 0.842105 0.000000;
78 0.666667 0.894737 0.000000;
79 0.666667 0.947368 0.000000;
80 0.666667 1.000000 0.000000;
81 0.888889 0.000000 0.000000;
82 0.888889 0.052632 0.000000;
83 0.888889 0.105263 0.000000;
84 0.888889 0.157895 0.000000;
85 0.888889 0.210526 0.000000;
86 0.888889 0.263158 0.000000;
87 0.888889 0.315789 0.000000;
88 0.888889 0.368421 0.000000;
89 0.888889 0.421053 0.000000;
90 0.888889 0.473684 0.000000;
91 0.888889 0.526316 0.000000;
92 0.888889 0.578947 0.000000;
93 0.888889 0.631579 0.000000;
94 0.888889 0.684211 0.000000;
95 0.888889 0.736842 0.000000;
96 0.888889 0.789474 0.000000;
97 0.888889 0.842105 0.000000;
98 0.888889 0.894737 0.000000;
99 0.888889 0.947368 0.000000;
100 0.888889 1.000000 0.000000;
101 1.111111 0.000000 0.000000;
102 1.111111 0.052632 0.000000;
103 1.111111 0.105263 0.000000;
104 1.111111 0.157895 0.000000;
105 1.111111 0.210526 0.000000;
106 1.111111 0.263158 0.000000;
107 1.111111 0.315789 0.000000;
108 1.111111 0.368421 0.000000;
109 1.111111 0.421053 0.000000;
110 1.111111 0.473684 0.000000;
111 1.111111 0.526316 0.000000;
112 1.111111 0.578947 0.000000;
113 1.111111 0.631579 0.000000;
114 1.111111 0.684211 0.000000;
115 1.111111 0.736842 0.000000;
116 1.111111 0.789474 0.000000;
117 1.111111 0.842105 0.000000;
118 1.111111 0.894737 0.000000;
119 1.111111 0.947368 0.000000;
120 1.111111 1.000000 0.000000;
121 1.333333 0.000000 0.000000;
122 1.333333 0.052632 0.000000;
123 1.333333 0.105263 0.000000;
124 1.333333 0.157895 0.000000;
125 1.333333 0.210526 0.000000;
126 1.333333 0.263158 0.000000;
127 1.333333 0.315789 0.000000;
128 1.333333 0.368421 0.000000;
129 1.333333 0.421053 0.000000;
130 1.333333 0.473684 0.000000;
131 1.333333 0.526316 0.000000;
132 1.333333 0.578947 0.000000;
133 1.333333 0.631579 0.000000;
134 1.333333 0.684211 0.000000;
135 1.333333 0.736842 0.000000;
136 1.333333 0.789474 0.000000;
137 1.333333 0.842105 0.000000;
138 1.333333 0.894737 0.000000;
139 1.333333 0.947368 0.000000;
140 1.333333 1.000000 0.000000;
141 1.555556 0.000000 0.000000;
142 1.555556 0.052632 0.000000;
143 1.555556 0.105263 0.000000;
144 1.555556 0.157895 0.000000;
145 1.555556 0.210526 0.000000;
146 1.555556 0.263158 0.000000;
147 1.555556 0.315789 0.000000;
148 1.555556 0.368421 0.000000;
149 1.555556 0.421053 0.000000;
150 1.555556 0.473684 0.000000;
151 1.555556 0.526316 0.000000;
152 1.555556 0.578947 0.000000;
153 1.555556 0.631579 0.000000;
154 1.555556 0.684211 0.000000;
155 1.555556 0.736842 0.000000;
156 1.555556 0.789474 0.000000;
157 1.555556 0.842105 0.000000;
158 1.555556 0.894737 0.000000;
159 1.555556 0.947368 0.000000;
160 1.555556 1.000000 0.000000;
161 1.777778 0.000000 0.000000;
162 1.777778 0.052632 0.000000;
163 1.777778 0.105263 0.000000;
164 1.777778 0.157895 0.000000;
165 1.777778 0.210526 0.000000;
166 1.777778 0.263158 0.000000;
167 1.777778 0.315789 0.000000;
168 1.777778 0.368421 0.000000;
169 1.777778 0.421053 0.000000;
170 1.777778 0.473684 0.000000;
171 1.777778 0.526316 0.000000;
172 1.777778 0.578947 0.000000;
173 1.777778 0.631579 0.000000;
174 1.777778 0.684211 0.000000;
175 1.777778 0.736842 0.000000;
176 1.777778 0.789474 0.000000;
177 1.777778 0.842105 0.000000;
178 1.777778 0.894737 0.000000;
179 1.777778 0.947368 0.000000;
180 1.777778 1.000000 0.000000;
181 2.000000 0.000000 0.000000;
182 2.000000 0.052632 0.000000;
183 2.000000 0.105263 0.000000;
184 2.000000 0.157895 0.000000;
185 2.000000 0.210526 0.000000;
186 2.000000 0.263158 0.000000;
187 2.000000 0.315789 0.000000;
188 2.000000 0.368421 0.000000;
189 2.000000 0.421053 0.000000;
190 2.000000 0.473684 0.000000;
191 2.000000 0.526316 0.000000;
192 2.000000 0.578947 0.000000;
193 2.000000 0.631579 0.000000;
194 2.000000 0.684211 0.000000;
195 2.000000 0.736842 0.000000;
196 2.000000 0.789474 0.000000;
197 2.000000 0.842105 0.000000;
198 2.000000 0.894737 0.000000;
199 2.000000 0.947368 0.000000;
200 2.000000 1.000000 0.000000;
];
%% Connectivities
% Node
