%==================================================================
%                        General Data File
% Title: HEXAHEDRA
% Units: SI
% Dimensions: 3D
% Type of problem: Plane_Stress
% Type of Phisics: ELASTIC
% Micro/Macro: MACRO
%
%==================================================================

%% Data

Data_prb = {
'HEXAHEDRA';
'SI';
'3D';
'Plane_Stress';
'ELASTIC';
'MACRO';
};

%% Coordinates
% Node                X                Y                Z

coord = [
1          112          102          100
2          112        101.6        100.4
3          112        101.6         99.6
4        111.4          102          100
5          112        101.2          100
6        111.4        101.6         99.6
7        111.4        101.6        100.4
8        111.4        101.2          100
9          112        101.2        100.8
10          112        101.2         99.2
11        110.8          102          100
12          112        100.8         99.6
13          112        100.8        100.4
14        111.4        101.2         99.2
15        111.4        101.2        100.8
16        110.8        101.6        100.4
17        110.8        101.6         99.6
18        111.4        100.8        100.4
19        111.4        100.8         99.6
20        110.8        101.2          100
21          112        100.4          100
22        110.8        101.2        100.8
23        110.8        101.2         99.2
24          112        100.8        101.2
25          112        100.8         98.8
26        111.4        100.4          100
27        110.8        100.8        100.4
28        110.8        100.8         99.6
29          112        100.4        100.8
30          112        100.4         99.2
31        110.2          102          100
32        111.4        100.8         98.8
33        111.4        100.8        101.2
34        111.4        100.4        100.8
35        110.2        101.6         99.6
36        110.2        101.6        100.4
37        111.4        100.4         99.2
38        110.2        101.2          100
39        110.8        100.4          100
40          112          100        100.4
41          112          100         99.6
42        110.8        100.8         98.8
43        110.8        100.8        101.2
44        110.2        101.2         99.2
45        110.2        101.2        100.8
46        111.4          100        100.4
47        111.4          100         99.6
48        110.8        100.4        100.8
49        110.8        100.4         99.2
50        110.2        100.8        100.4
51        110.2        100.8         99.6
52          112        100.4         98.4
53          112        100.4        101.6
54          112          100         98.8
55          112          100        101.2
56        111.4        100.4        101.6
57        111.4        100.4         98.4
58        110.8          100         99.6
59        110.8          100        100.4
60          112         99.6          100
61        109.6          102          100
62        111.4          100         98.8
63        110.2        100.4          100
64        111.4          100        101.2
65        109.6        101.6         99.6
66        109.6        101.6        100.4
67        110.2        100.8        101.2
68        110.2        100.8         98.8
69        111.4         99.6          100
70          112         99.6         99.2
71          112         99.6        100.8
72        109.6        101.2          100
73        110.2        100.4         99.2
74        110.2        100.4        100.8
75        110.8        100.4        101.6
76        110.8        100.4         98.4
77        111.4         99.6         99.2
78        111.4         99.6        100.8
79        110.8          100         98.8
80        110.8          100        101.2
81        109.6        101.2         99.2
82        109.6        101.2        100.8
83        110.8         99.6          100
84        109.6        100.8         99.6
85        109.6        100.8        100.4
86        110.2          100        100.4
87        110.2          100         99.6
88        110.8         99.6         99.2
89        110.8         99.6        100.8
90          112         99.2        100.4
91          112          100           98
92          112          100          102
93          112         99.2         99.6
94          112         99.6        101.6
95          112         99.6         98.4
96        109.6        100.4          100
97        111.4         99.2        100.4
98        110.2        100.4         98.4
99        110.2        100.4        101.6
100        111.4         99.2         99.6
101        111.4          100           98
102        111.4          100          102
103        109.6        100.8        101.2
104        109.6        100.8         98.8
105        110.2          100         98.8
106        110.2          100        101.2
107        111.4         99.6         98.4
108        111.4         99.6        101.6
109        109.6        100.4        100.8
110        109.6        100.4         99.2
111          109          102          100
112        110.2         99.6          100
113          112         99.2        101.2
114          112         99.2         98.8
115          109        101.6        100.4
116          109        101.6         99.6
117        110.8         99.2        100.4
118        110.8          100          102
119        110.8          100           98
120        110.8         99.2         99.6
121        110.2         99.6         99.2
122        110.2         99.6        100.8
123        111.4         99.2         98.8
124        111.4         99.2        101.2
125          109        101.2          100
126        110.8         99.6         98.4
127        110.8         99.6        101.6
128        109.6          100        100.4
129        109.6          100         99.6
130          112         98.8          100
131          109        101.2        100.8
132          109        101.2         99.2
133          109        100.8        100.4
134          109        100.8         99.6
135        111.4         98.8          100
136        110.8         99.2         98.8
137        110.8         99.2        101.2
138        109.6        100.4        101.6
139        109.6        100.4         98.4
140          112         98.8        100.8
141          112         98.8         99.2
142        109.6          100        101.2
143        109.6          100         98.8
144        110.2         99.2        100.4
145        110.2         99.2         99.6
146        110.2          100           98
147        110.2          100          102
148        111.4         98.8         99.2
149        111.4         98.8        100.8
150        109.6         99.6          100
151          109        100.4          100
152        110.2         99.6        101.6
153        110.2         99.6         98.4
154        110.8         98.8          100
155          109        100.8        101.2
156          109        100.8         98.8
157        109.6         99.6         99.2
158        109.6         99.6        100.8
159          109        100.4         99.2
160          109        100.4        100.8
161        110.8         98.8        100.8
162        110.8         98.8         99.2
163        110.2         99.2         98.8
164        110.2         99.2        101.2
165        108.4          102          100
166          112         98.4         99.6
167          112         98.4        100.4
168          109          100        100.4
169          109          100         99.6
170        108.4        101.6        100.4
171        108.4        101.6         99.6
172        111.4         98.4         99.6
173        111.4         98.4        100.4
174        110.2         98.8          100
175        108.4        101.2          100
176        109.6          100          102
177        109.6          100           98
