%% Data
Data_prb = {
'TRIANGLE';
'SI';
'2D';
'Plane_Stress';
'ELASTIC';
'MACRO';
};
%% Coordinates
% Node
gidcoord = [
1 0.000000 0.000000 0.000000;
2 0.000000 0.055556 0.000000;
3 0.000000 0.111111 0.000000;
4 0.000000 0.166667 0.000000;
5 0.000000 0.222222 0.000000;
6 0.000000 0.277778 0.000000;
7 0.000000 0.333333 0.000000;
8 0.000000 0.388889 0.000000;
9 0.000000 0.444444 0.000000;
10 0.000000 0.500000 0.000000;
11 0.026316 0.000000 0.000000;
12 0.026316 0.055556 0.000000;
13 0.026316 0.111111 0.000000;
14 0.026316 0.166667 0.000000;
15 0.026316 0.222222 0.000000;
16 0.026316 0.277778 0.000000;
17 0.026316 0.333333 0.000000;
18 0.026316 0.388889 0.000000;
19 0.026316 0.444444 0.000000;
20 0.026316 0.500000 0.000000;
21 0.052632 0.000000 0.000000;
22 0.052632 0.055556 0.000000;
23 0.052632 0.111111 0.000000;
24 0.052632 0.166667 0.000000;
25 0.052632 0.222222 0.000000;
26 0.052632 0.277778 0.000000;
27 0.052632 0.333333 0.000000;
28 0.052632 0.388889 0.000000;
29 0.052632 0.444444 0.000000;
30 0.052632 0.500000 0.000000;
31 0.078947 0.000000 0.000000;
32 0.078947 0.055556 0.000000;
33 0.078947 0.111111 0.000000;
34 0.078947 0.166667 0.000000;
35 0.078947 0.222222 0.000000;
36 0.078947 0.277778 0.000000;
37 0.078947 0.333333 0.000000;
38 0.078947 0.388889 0.000000;
39 0.078947 0.444444 0.000000;
40 0.078947 0.500000 0.000000;
41 0.105263 0.000000 0.000000;
42 0.105263 0.055556 0.000000;
43 0.105263 0.111111 0.000000;
44 0.105263 0.166667 0.000000;
45 0.105263 0.222222 0.000000;
46 0.105263 0.277778 0.000000;
47 0.105263 0.333333 0.000000;
48 0.105263 0.388889 0.000000;
49 0.105263 0.444444 0.000000;
50 0.105263 0.500000 0.000000;
51 0.131579 0.000000 0.000000;
52 0.131579 0.055556 0.000000;
53 0.131579 0.111111 0.000000;
54 0.131579 0.166667 0.000000;
55 0.131579 0.222222 0.000000;
56 0.131579 0.277778 0.000000;
57 0.131579 0.333333 0.000000;
58 0.131579 0.388889 0.000000;
59 0.131579 0.444444 0.000000;
60 0.131579 0.500000 0.000000;
61 0.157895 0.000000 0.000000;
62 0.157895 0.055556 0.000000;
63 0.157895 0.111111 0.000000;
64 0.157895 0.166667 0.000000;
65 0.157895 0.222222 0.000000;
66 0.157895 0.277778 0.000000;
67 0.157895 0.333333 0.000000;
68 0.157895 0.388889 0.000000;
69 0.157895 0.444444 0.000000;
70 0.157895 0.500000 0.000000;
71 0.184211 0.000000 0.000000;
72 0.184211 0.055556 0.000000;
73 0.184211 0.111111 0.000000;
74 0.184211 0.166667 0.000000;
75 0.184211 0.222222 0.000000;
76 0.184211 0.277778 0.000000;
77 0.184211 0.333333 0.000000;
78 0.184211 0.388889 0.000000;
79 0.184211 0.444444 0.000000;
80 0.184211 0.500000 0.000000;
81 0.210526 0.000000 0.000000;
82 0.210526 0.055556 0.000000;
83 0.210526 0.111111 0.000000;
84 0.210526 0.166667 0.000000;
85 0.210526 0.222222 0.000000;
86 0.210526 0.277778 0.000000;
87 0.210526 0.333333 0.000000;
88 0.210526 0.388889 0.000000;
89 0.210526 0.444444 0.000000;
90 0.210526 0.500000 0.000000;
91 0.236842 0.000000 0.000000;
92 0.236842 0.055556 0.000000;
93 0.236842 0.111111 0.000000;
94 0.236842 0.166667 0.000000;
95 0.236842 0.222222 0.000000;
96 0.236842 0.277778 0.000000;
97 0.236842 0.333333 0.000000;
98 0.236842 0.388889 0.000000;
99 0.236842 0.444444 0.000000;
100 0.236842 0.500000 0.000000;
101 0.263158 0.000000 0.000000;
102 0.263158 0.055556 0.000000;
103 0.263158 0.111111 0.000000;
104 0.263158 0.166667 0.000000;
105 0.263158 0.222222 0.000000;
106 0.263158 0.277778 0.000000;
107 0.263158 0.333333 0.000000;
108 0.263158 0.388889 0.000000;
109 0.263158 0.444444 0.000000;
110 0.263158 0.500000 0.000000;
111 0.289474 0.000000 0.000000;
112 0.289474 0.055556 0.000000;
113 0.289474 0.111111 0.000000;
114 0.289474 0.166667 0.000000;
115 0.289474 0.222222 0.000000;
116 0.289474 0.277778 0.000000;
117 0.289474 0.333333 0.000000;
118 0.289474 0.388889 0.000000;
119 0.289474 0.444444 0.000000;
120 0.289474 0.500000 0.000000;
121 0.315789 0.000000 0.000000;
122 0.315789 0.055556 0.000000;
123 0.315789 0.111111 0.000000;
124 0.315789 0.166667 0.000000;
125 0.315789 0.222222 0.000000;
126 0.315789 0.277778 0.000000;
127 0.315789 0.333333 0.000000;
128 0.315789 0.388889 0.000000;
129 0.315789 0.444444 0.000000;
130 0.315789 0.500000 0.000000;
131 0.342105 0.000000 0.000000;
132 0.342105 0.055556 0.000000;
133 0.342105 0.111111 0.000000;
134 0.342105 0.166667 0.000000;
135 0.342105 0.222222 0.000000;
136 0.342105 0.277778 0.000000;
137 0.342105 0.333333 0.000000;
138 0.342105 0.388889 0.000000;
139 0.342105 0.444444 0.000000;
140 0.342105 0.500000 0.000000;
141 0.368421 0.000000 0.000000;
142 0.368421 0.055556 0.000000;
143 0.368421 0.111111 0.000000;
144 0.368421 0.166667 0.000000;
145 0.368421 0.222222 0.000000;
146 0.368421 0.277778 0.000000;
147 0.368421 0.333333 0.000000;
148 0.368421 0.388889 0.000000;
149 0.368421 0.444444 0.000000;
150 0.368421 0.500000 0.000000;
151 0.394737 0.000000 0.000000;
152 0.394737 0.055556 0.000000;
153 0.394737 0.111111 0.000000;
154 0.394737 0.166667 0.000000;
155 0.394737 0.222222 0.000000;
156 0.394737 0.277778 0.000000;
157 0.394737 0.333333 0.000000;
158 0.394737 0.388889 0.000000;
159 0.394737 0.444444 0.000000;
160 0.394737 0.500000 0.000000;
161 0.421053 0.000000 0.000000;
162 0.421053 0.055556 0.000000;
163 0.421053 0.111111 0.000000;
164 0.421053 0.166667 0.000000;
165 0.421053 0.222222 0.000000;
166 0.421053 0.277778 0.000000;
167 0.421053 0.333333 0.000000;
168 0.421053 0.388889 0.000000;
169 0.421053 0.444444 0.000000;
170 0.421053 0.500000 0.000000;
171 0.447368 0.000000 0.000000;
172 0.447368 0.055556 0.000000;
173 0.447368 0.111111 0.000000;
174 0.447368 0.166667 0.000000;
175 0.447368 0.222222 0.000000;
176 0.447368 0.277778 0.000000;
177 0.447368 0.333333 0.000000;
178 0.447368 0.388889 0.000000;
179 0.447368 0.444444 0.000000;
180 0.447368 0.500000 0.000000;
181 0.473684 0.000000 0.000000;
182 0.473684 0.055556 0.000000;
183 0.473684 0.111111 0.000000;
184 0.473684 0.166667 0.000000;
185 0.473684 0.222222 0.000000;
186 0.473684 0.277778 0.000000;
187 0.473684 0.333333 0.000000;
188 0.473684 0.388889 0.000000;
189 0.473684 0.444444 0.000000;
190 0.473684 0.500000 0.000000;
191 0.500000 0.000000 0.000000;
192 0.500000 0.055556 0.000000;
193 0.500000 0.111111 0.000000;
194 0.500000 0.166667 0.000000;
195 0.500000 0.222222 0.000000;
196 0.500000 0.277778 0.000000;
197 0.500000 0.333333 0.000000;
198 0.500000 0.388889 0.000000;
199 0.500000 0.444444 0.000000;
200 0.500000 0.500000 0.000000;
201 0.013158 0.027778 0.000000;
202 0.013158 0.083333 0.000000;
203 0.013158 0.138889 0.000000;
204 0.013158 0.194444 0.000000;
205 0.013158 0.250000 0.000000;
206 0.013158 0.305556 0.000000;
207 0.013158 0.361111 0.000000;
208 0.013158 0.416667 0.000000;
209 0.013158 0.472222 0.000000;
210 0.039474 0.027778 0.000000;
211 0.039474 0.083333 0.000000;
212 0.039474 0.138889 0.000000;
213 0.039474 0.194444 0.000000;
214 0.039474 0.250000 0.000000;
215 0.039474 0.305556 0.000000;
216 0.039474 0.361111 0.000000;
217 0.039474 0.416667 0.000000;
218 0.039474 0.472222 0.000000;
219 0.065789 0.027778 0.000000;
220 0.065789 0.083333 0.000000;
221 0.065789 0.138889 0.000000;
222 0.065789 0.194444 0.000000;
223 0.065789 0.250000 0.000000;
224 0.065789 0.305556 0.000000;
225 0.065789 0.361111 0.000000;
226 0.065789 0.416667 0.000000;
227 0.065789 0.472222 0.000000;
228 0.092105 0.027778 0.000000;
229 0.092105 0.083333 0.000000;
230 0.092105 0.138889 0.000000;
231 0.092105 0.194444 0.000000;
232 0.092105 0.250000 0.000000;
233 0.092105 0.305556 0.000000;
234 0.092105 0.361111 0.000000;
235 0.092105 0.416667 0.000000;
236 0.092105 0.472222 0.000000;
237 0.118421 0.027778 0.000000;
238 0.118421 0.083333 0.000000;
239 0.118421 0.138889 0.000000;
240 0.118421 0.194444 0.000000;
241 0.118421 0.250000 0.000000;
242 0.118421 0.305556 0.000000;
243 0.118421 0.361111 0.000000;
244 0.118421 0.416667 0.000000;
245 0.118421 0.472222 0.000000;
246 0.144737 0.027778 0.000000;
247 0.144737 0.083333 0.000000;
248 0.144737 0.138889 0.000000;
249 0.144737 0.194444 0.000000;
