
Data_prb = {
'TRIANGLE';
'SI';
'2D';
'Plane_Stress';
'ELASTIC';
'MACRO';
};
coord=[
    1               8               0               0
    2               8             0.5               0
    3               8               1               0
    4               7               0               0
    5               7             0.5               0
    6               7               1               0
    7               8             1.5               0
    8               7             1.5               0
    9               8               2                0
    10               6               0               0
    11               6             0.5               0
    12               6               1               0
    13               7               2               0
    14               6             1.5               0
    15               6               2               0
    16               5               0               0
    17               5             0.5               0
    18               5               1               0
    19               5              1.5              0
    20               5               2               0
    21               4               0               0
    22               4              0.5              0
    23               4              1                0
    24               4              1.5              0
    25               4               2               0
    26               3               0               0
    27               3              0.5              0
    28               3               1               0
    29               3              1.5              0
    30               3               2               0
    31               2               0               0
    32               2              0.50             0
    33               2               1               0
    34               2               1.5               0
    35               2               2               0
    36               1               0               0
    37               1             0.5               0
    38               1               1               0
    39               1             1.5               0
    40               1               2               0
    41               0               0               0
    42               0             0.5               0
    43               0               1               0
    44               0             1.5               0
    45               0               2               0];
connec=[
1 43 39 44
2 44 40 45
3 44 39 40
4 39 35 40
5 43 38 39
6 39 34 35
7 39 38 34
8 38 33 34
9 41 37 42
10 42 38 43
11 42 37 38
12 37 33 38
13 31 32 36
14 36 37 41
15 36 32 37
16 32 33 37
17 33 32 28
18 28 27 23
19 28 32 27
20 32 31 27
21 33 28 29
22 29 24 25
23 29 28 24
24 28 23 24
25 35 34 30
26 30 29 25
27 30 34 29
28 34 33 29
29 25 24 20
30 20 19 15
31 20 24 19
32 24 23 19
33 23 18 19
34 19 14 15
35 19 18 14
36 18 12 14
37 15 14 13
38 13 8 9
39 13 14 8
40 14 12 8
41 21 22 26
42 26 27 31
43 26 22 27
44 22 23 27
45 23 22 18
46 18 17 12
47 18 22 17
48 22 21 17
49 10 11 16
50 16 17 21
51 16 11 17
52 11 12 17
53 12 11 6
54 6 5 3
55 6 11 5
56 11 10 5
57 3 5 2
58 2 4 1
59 2 5 4
60 5 10 4
61 9 8 7
62 7 6 3
63 7 8 6
64 8 12 6];
pointload_complete=[3 2 -1];
dirichlet_data=[45 1 0
            45 2 0
            44 1 0
            44 2 0 
            43 1 0
            43 2 0
            42 1 0
            42 2 0
            41 1 0
            41 2 0];

   