Data_prb = {
'QUAD';
'SI';
'2D';
'Plane_Stress';
'ELASTIC';
'MACRO';
};
coord=[
 1              12               0               0
    2              12             0.2               0
    3              12             0.4               0
    4              12             0.6               0
    5              12             0.8               0
    6              12               1               0
    7            10.8               0               0
    8              12             1.2               0
    9            10.8             0.2               0
   10            10.8             0.4               0
   11            10.8             0.6               0
   12              12             1.4               0
   13            10.8             0.8               0
   14            10.8               1               0
   15              12             1.6               0
   16            10.8             1.2               0
   17              12             1.8               0
   18            10.8             1.4               0
   19              12               2               0
   20            10.8             1.6               0
   21            10.8             1.8               0
   22            10.8               2               0
   23             9.6               0               0
   24             9.6             0.2               0
   25             9.6             0.4               0
   26             9.6             0.6               0
   27             9.6             0.8               0
   28             9.6               1               0
   29             9.6             1.2               0
   30             9.6             1.4               0
   31             9.6             1.6               0
   32             9.6             1.8               0
   33             9.6               2               0
   34             8.4               0               0
   35             8.4             0.2               0
   36             8.4             0.4               0
   37             8.4             0.6               0
   38             8.4             0.8               0
   39             8.4               1               0
   40             8.4             1.2               0
   41             8.4             1.4               0
   42             8.4             1.6               0
   43             8.4             1.8               0
   44             8.4               2               0
   45             7.2               0               0
   46             7.2             0.2               0
   47             7.2             0.4               0
   48             7.2             0.6               0
   49             7.2             0.8               0
   50             7.2               1               0
   51             7.2             1.2               0
   52             7.2             1.4               0
   53             7.2             1.6               0
   54             7.2             1.8               0
   55             7.2               2               0
   56               6               0               0
   57               6             0.2               0
   58               6             0.4               0
   59               6             0.6               0
   60               6             0.8               0
   61               6               1               0
   62               6             1.2               0
   63               6             1.4               0
   64               6             1.6               0
   65               6             1.8               0
   66               6               2               0
   67             4.8               0               0
   68             4.8             0.2               0
   69             4.8             0.4               0
   70             4.8             0.6               0
   71             4.8             0.8               0
   72             4.8               1               0
   73             4.8             1.2               0
   74             4.8             1.4               0
   75             4.8             1.6               0
   76             4.8             1.8               0
   77             4.8               2               0
   78             3.6               0               0
   79             3.6             0.2               0
   80             3.6             0.4               0
   81             3.6             0.6               0
   82             3.6             0.8               0
   83             3.6               1               0
   84             3.6             1.2               0
   85             3.6             1.4               0
   86             3.6             1.6               0
   87             3.6             1.8               0
   88             3.6               2               0
   89             2.4               0               0
   90             2.4             0.2               0
   91             2.4             0.4               0
   92             2.4             0.6               0
   93             2.4             0.8               0
   94             2.4               1               0
   95             2.4             1.2               0
   96             2.4             1.4               0
   97             2.4             1.6               0
   98             2.4             1.8               0
   99             2.4               2               0
  100             1.2               0               0
  101             1.2             0.2               0
  102             1.2             0.4               0
  103             1.2             0.6               0
  104             1.2             0.8               0
  105             1.2               1               0
  106             1.2             1.2               0
  107             1.2             1.4               0
  108             1.2             1.6               0
  109             1.2             1.8               0
  110             1.2               2               0
  111               0               0               0
  112               0             0.2               0
  113               0             0.4               0
  114               0             0.6               0
  115               0             0.8               0
  116               0               1               0
  117               0             1.2               0
  118               0             1.4               0
  119               0             1.6               0
  120               0             1.8               0
  121               0               2               0];
