%% Data
Data_prb = {
'TRIANGLE';
'SI';
'2D';
'Plane_Stress';
'ELASTIC';
'MACRO';
};
%% Coordinates
% Node
gidcoord = [
1 0.000000 0.000000 0.000000;
2 0.000000 0.055556 0.000000;
3 0.000000 0.111111 0.000000;
4 0.000000 0.166667 0.000000;
5 0.000000 0.222222 0.000000;
6 0.000000 0.277778 0.000000;
7 0.000000 0.333333 0.000000;
8 0.000000 0.388889 0.000000;
9 0.000000 0.444444 0.000000;
10 0.000000 0.500000 0.000000;
11 0.055556 0.000000 0.000000;
12 0.055556 0.055556 0.000000;
13 0.055556 0.111111 0.000000;
14 0.055556 0.166667 0.000000;
15 0.055556 0.222222 0.000000;
16 0.055556 0.277778 0.000000;
17 0.055556 0.333333 0.000000;
18 0.055556 0.388889 0.000000;
19 0.055556 0.444444 0.000000;
20 0.055556 0.500000 0.000000;
21 0.111111 0.000000 0.000000;
22 0.111111 0.055556 0.000000;
23 0.111111 0.111111 0.000000;
24 0.111111 0.166667 0.000000;
25 0.111111 0.222222 0.000000;
26 0.111111 0.277778 0.000000;
27 0.111111 0.333333 0.000000;
28 0.111111 0.388889 0.000000;
29 0.111111 0.444444 0.000000;
30 0.111111 0.500000 0.000000;
31 0.166667 0.000000 0.000000;
32 0.166667 0.055556 0.000000;
33 0.166667 0.111111 0.000000;
34 0.166667 0.166667 0.000000;
35 0.166667 0.222222 0.000000;
36 0.166667 0.277778 0.000000;
37 0.166667 0.333333 0.000000;
38 0.166667 0.388889 0.000000;
39 0.166667 0.444444 0.000000;
40 0.166667 0.500000 0.000000;
41 0.222222 0.000000 0.000000;
42 0.222222 0.055556 0.000000;
43 0.222222 0.111111 0.000000;
44 0.222222 0.166667 0.000000;
45 0.222222 0.222222 0.000000;
46 0.222222 0.277778 0.000000;
47 0.222222 0.333333 0.000000;
48 0.222222 0.388889 0.000000;
49 0.222222 0.444444 0.000000;
50 0.222222 0.500000 0.000000;
51 0.277778 0.000000 0.000000;
52 0.277778 0.055556 0.000000;
53 0.277778 0.111111 0.000000;
54 0.277778 0.166667 0.000000;
55 0.277778 0.222222 0.000000;
56 0.277778 0.277778 0.000000;
57 0.277778 0.333333 0.000000;
58 0.277778 0.388889 0.000000;
59 0.277778 0.444444 0.000000;
60 0.277778 0.500000 0.000000;
61 0.333333 0.000000 0.000000;
62 0.333333 0.055556 0.000000;
63 0.333333 0.111111 0.000000;
64 0.333333 0.166667 0.000000;
65 0.333333 0.222222 0.000000;
66 0.333333 0.277778 0.000000;
67 0.333333 0.333333 0.000000;
68 0.333333 0.388889 0.000000;
69 0.333333 0.444444 0.000000;
70 0.333333 0.500000 0.000000;
71 0.388889 0.000000 0.000000;
72 0.388889 0.055556 0.000000;
73 0.388889 0.111111 0.000000;
74 0.388889 0.166667 0.000000;
75 0.388889 0.222222 0.000000;
76 0.388889 0.277778 0.000000;
77 0.388889 0.333333 0.000000;
78 0.388889 0.388889 0.000000;
79 0.388889 0.444444 0.000000;
80 0.388889 0.500000 0.000000;
81 0.444444 0.000000 0.000000;
82 0.444444 0.055556 0.000000;
83 0.444444 0.111111 0.000000;
84 0.444444 0.166667 0.000000;
85 0.444444 0.222222 0.000000;
86 0.444444 0.277778 0.000000;
87 0.444444 0.333333 0.000000;
88 0.444444 0.388889 0.000000;
89 0.444444 0.444444 0.000000;
90 0.444444 0.500000 0.000000;
91 0.500000 0.000000 0.000000;
92 0.500000 0.055556 0.000000;
93 0.500000 0.111111 0.000000;
94 0.500000 0.166667 0.000000;
95 0.500000 0.222222 0.000000;
96 0.500000 0.277778 0.000000;
97 0.500000 0.333333 0.000000;
98 0.500000 0.388889 0.000000;
99 0.500000 0.444444 0.000000;
100 0.500000 0.500000 0.000000;
101 0.555556 0.000000 0.000000;
102 0.555556 0.055556 0.000000;
103 0.555556 0.111111 0.000000;
104 0.555556 0.166667 0.000000;
105 0.555556 0.222222 0.000000;
106 0.555556 0.277778 0.000000;
107 0.555556 0.333333 0.000000;
108 0.555556 0.388889 0.000000;
109 0.555556 0.444444 0.000000;
110 0.555556 0.500000 0.000000;
111 0.611111 0.000000 0.000000;
112 0.611111 0.055556 0.000000;
113 0.611111 0.111111 0.000000;
114 0.611111 0.166667 0.000000;
115 0.611111 0.222222 0.000000;
116 0.611111 0.277778 0.000000;
117 0.611111 0.333333 0.000000;
118 0.611111 0.388889 0.000000;
119 0.611111 0.444444 0.000000;
120 0.611111 0.500000 0.000000;
121 0.666667 0.000000 0.000000;
122 0.666667 0.055556 0.000000;
123 0.666667 0.111111 0.000000;
124 0.666667 0.166667 0.000000;
125 0.666667 0.222222 0.000000;
126 0.666667 0.277778 0.000000;
127 0.666667 0.333333 0.000000;
128 0.666667 0.388889 0.000000;
129 0.666667 0.444444 0.000000;
130 0.666667 0.500000 0.000000;
131 0.722222 0.000000 0.000000;
132 0.722222 0.055556 0.000000;
133 0.722222 0.111111 0.000000;
134 0.722222 0.166667 0.000000;
135 0.722222 0.222222 0.000000;
136 0.722222 0.277778 0.000000;
137 0.722222 0.333333 0.000000;
138 0.722222 0.388889 0.000000;
139 0.722222 0.444444 0.000000;
140 0.722222 0.500000 0.000000;
141 0.777778 0.000000 0.000000;
142 0.777778 0.055556 0.000000;
143 0.777778 0.111111 0.000000;
144 0.777778 0.166667 0.000000;
145 0.777778 0.222222 0.000000;
146 0.777778 0.277778 0.000000;
147 0.777778 0.333333 0.000000;
148 0.777778 0.388889 0.000000;
149 0.777778 0.444444 0.000000;
150 0.777778 0.500000 0.000000;
151 0.833333 0.000000 0.000000;
152 0.833333 0.055556 0.000000;
153 0.833333 0.111111 0.000000;
154 0.833333 0.166667 0.000000;
155 0.833333 0.222222 0.000000;
156 0.833333 0.277778 0.000000;
157 0.833333 0.333333 0.000000;
158 0.833333 0.388889 0.000000;
159 0.833333 0.444444 0.000000;
160 0.833333 0.500000 0.000000;
161 0.888889 0.000000 0.000000;
162 0.888889 0.055556 0.000000;
163 0.888889 0.111111 0.000000;
164 0.888889 0.166667 0.000000;
165 0.888889 0.222222 0.000000;
166 0.888889 0.277778 0.000000;
167 0.888889 0.333333 0.000000;
168 0.888889 0.388889 0.000000;
169 0.888889 0.444444 0.000000;
170 0.888889 0.500000 0.000000;
171 0.944444 0.000000 0.000000;
172 0.944444 0.055556 0.000000;
173 0.944444 0.111111 0.000000;
174 0.944444 0.166667 0.000000;
175 0.944444 0.222222 0.000000;
176 0.944444 0.277778 0.000000;
177 0.944444 0.333333 0.000000;
178 0.944444 0.388889 0.000000;
179 0.944444 0.444444 0.000000;
180 0.944444 0.500000 0.000000;
181 1.000000 0.000000 0.000000;
182 1.000000 0.055556 0.000000;
183 1.000000 0.111111 0.000000;
184 1.000000 0.166667 0.000000;
185 1.000000 0.222222 0.000000;
186 1.000000 0.277778 0.000000;
187 1.000000 0.333333 0.000000;
188 1.000000 0.388889 0.000000;
189 1.000000 0.444444 0.000000;
190 1.000000 0.500000 0.000000;
191 0.027778 0.027778 0.000000;
192 0.027778 0.083333 0.000000;
193 0.027778 0.138889 0.000000;
194 0.027778 0.194444 0.000000;
195 0.027778 0.250000 0.000000;
196 0.027778 0.305556 0.000000;
197 0.027778 0.361111 0.000000;
198 0.027778 0.416667 0.000000;
199 0.027778 0.472222 0.000000;
200 0.083333 0.027778 0.000000;
201 0.083333 0.083333 0.000000;
202 0.083333 0.138889 0.000000;
203 0.083333 0.194444 0.000000;
204 0.083333 0.250000 0.000000;
205 0.083333 0.305556 0.000000;
206 0.083333 0.361111 0.000000;
207 0.083333 0.416667 0.000000;
208 0.083333 0.472222 0.000000;
209 0.138889 0.027778 0.000000;
210 0.138889 0.083333 0.000000;
211 0.138889 0.138889 0.000000;
212 0.138889 0.194444 0.000000;
213 0.138889 0.250000 0.000000;
214 0.138889 0.305556 0.000000;
215 0.138889 0.361111 0.000000;
216 0.138889 0.416667 0.000000;
217 0.138889 0.472222 0.000000;
218 0.194444 0.027778 0.000000;
219 0.194444 0.083333 0.000000;
220 0.194444 0.138889 0.000000;
221 0.194444 0.194444 0.000000;
222 0.194444 0.250000 0.000000;
223 0.194444 0.305556 0.000000;
224 0.194444 0.361111 0.000000;
225 0.194444 0.416667 0.000000;
226 0.194444 0.472222 0.000000;
227 0.250000 0.027778 0.000000;
228 0.250000 0.083333 0.000000;
229 0.250000 0.138889 0.000000;
230 0.250000 0.194444 0.000000;
231 0.250000 0.250000 0.000000;
232 0.250000 0.305556 0.000000;
233 0.250000 0.361111 0.000000;
234 0.250000 0.416667 0.000000;
235 0.250000 0.472222 0.000000;
236 0.305556 0.027778 0.000000;
237 0.305556 0.083333 0.000000;
238 0.305556 0.138889 0.000000;
239 0.305556 0.194444 0.000000;
240 0.305556 0.250000 0.000000;
241 0.305556 0.305556 0.000000;
242 0.305556 0.361111 0.000000;
243 0.305556 0.416667 0.000000;
244 0.305556 0.472222 0.000000;
245 0.361111 0.027778 0.000000;
246 0.361111 0.083333 0.000000;
247 0.361111 0.138889 0.000000;
248 0.361111 0.194444 0.000000;
249 0.361111 0.250000 0.000000;
