%==================================================================
%                        General Data File
% Title: QUAD
% Units: SI
% Dimensions: 2D
% Type of problem: Plane_Stress
% Type of Phisics: ELASTIC
% Micro/Macro: MACRO
%
%==================================================================

%% Data

Data_prb = {
'QUAD';
'SI';
'2D';
'Plane_Stress';
'ELASTIC';
'MACRO';
};

%% Coordinates
% Node                X                Y                Z

gidcoord = [
1            0            2            0
2        0.125            2            0
3            0        1.875            0
4        0.125        1.875            0
5            0         1.75            0
6         0.25            2            0
7        0.125         1.75            0
8         0.25        1.875            0
9         0.25         1.75            0
10            0        1.625            0
11        0.375            2            0
12        0.375        1.875            0
13        0.125        1.625            0
14        0.375         1.75            0
15         0.25        1.625            0
16            0          1.5            0
17          0.5            2            0
18          0.5        1.875            0
19        0.125          1.5            0
20        0.375        1.625            0
21          0.5         1.75            0
22         0.25          1.5            0
23          0.5        1.625            0
24            0        1.375            0
25        0.625            2            0
26        0.375          1.5            0
27        0.625        1.875            0
28        0.125        1.375            0
29         0.25        1.375            0
30        0.625         1.75            0
31          0.5          1.5            0
32        0.625        1.625            0
33        0.375        1.375            0
34            0         1.25            0
35         0.75            2            0
36         0.75        1.875            0
37        0.125         1.25            0
38         0.75         1.75            0
39         0.25         1.25            0
40        0.625          1.5            0
41          0.5        1.375            0
42        0.375         1.25            0
43         0.75        1.625            0
44            0        1.125            0
45        0.875            2            0
46        0.625        1.375            0
47        0.875        1.875            0
48        0.125        1.125            0
49          0.5         1.25            0
50         0.75          1.5            0
51        0.875         1.75            0
52         0.25        1.125            0
53        0.875        1.625            0
54        0.375        1.125            0
55        0.625         1.25            0
56         0.75        1.375            0
57            1            2            0
58            0            1            0
59            1        1.875            0
60        0.875          1.5            0
61        0.125            1            0
62          0.5        1.125            0
63            1         1.75            0
64         0.25            1            0
65         0.75         1.25            0
66            1        1.625            0
67        0.375            1            0
68        0.625        1.125            0
69        0.875        1.375            0
70            1          1.5            0
71          0.5            1            0
72        1.125            2            0
73            0        0.875            0
74        1.125        1.875            0
75        0.125        0.875            0
76        1.125         1.75            0
77        0.875         1.25            0
78         0.25        0.875            0
79         0.75        1.125            0
80            1        1.375            0
81        0.625            1            0
82        1.125        1.625            0
83        0.375        0.875            0
84        1.125          1.5            0
85          0.5        0.875            0
86        0.875        1.125            0
87            1         1.25            0
88         1.25            2            0
89            0         0.75            0
90         0.75            1            0
91         1.25        1.875            0
92        0.125         0.75            0
93         1.25         1.75            0
94         0.25         0.75            0
95        1.125        1.375            0
96        0.625        0.875            0
97         1.25        1.625            0
98        0.375         0.75            0
99            1        1.125            0
100        0.875            1            0
101         1.25          1.5            0
102          0.5         0.75            0
103        1.125         1.25            0
104         0.75        0.875            0
105            0        0.625            0
106        1.375            2            0
107        1.375        1.875            0
108        0.125        0.625            0
109         1.25        1.375            0
110        0.625         0.75            0
111        1.375         1.75            0
112         0.25        0.625            0
113            1            1            0
114        1.125        1.125            0
115        0.375        0.625            0
116        1.375        1.625            0
117        0.875        0.875            0
118         1.25         1.25            0
119         0.75         0.75            0
120        1.375          1.5            0
121          0.5        0.625            0
122            0          0.5            0
123          1.5            2            0
124          1.5        1.875            0
125            1        0.875            0
126        0.125          0.5            0
127        1.125            1            0
128        0.625        0.625            0
129        1.375        1.375            0
130          1.5         1.75            0
131         0.25          0.5            0
132        0.875         0.75            0
133         1.25        1.125            0
134          1.5        1.625            0
135        0.375          0.5            0
136        1.375         1.25            0
137         0.75        0.625            0
138          0.5          0.5            0
139          1.5          1.5            0
140        1.125        0.875            0
141            1         0.75            0
142         1.25            1            0
143        1.625            2            0
144            0        0.375            0
145        0.625          0.5            0
146          1.5        1.375            0
147        1.625        1.875            0
148        0.875        0.625            0
149        0.125        0.375            0
150        1.375        1.125            0
151        1.625         1.75            0
152         0.25        0.375            0
153        1.625        1.625            0
154        0.375        0.375            0
155          1.5         1.25            0
156         0.75          0.5            0
157        1.125         0.75            0
158         1.25        0.875            0
159        1.625          1.5            0
160            1        0.625            0
161        1.375            1            0
162          0.5        0.375            0
163        0.875          0.5            0
164          1.5        1.125            0
165        1.625        1.375            0
166        0.625        0.375            0
167         1.75            2            0
168            0         0.25            0
169        0.125         0.25            0
170         1.75        1.875            0
171         0.25         0.25            0
172         1.75         1.75            0
173         1.25         0.75            0
174        1.125        0.625            0
175        1.375        0.875            0
176         1.75        1.625            0
177         0.75        0.375            0
