%==================================================================
%                        General Data File
% Title: QUAD
% Units: SI
% Dimensions: 2D
% Type of problem: Plane_Stress
% Type of Phisics: ELASTIC
% Micro/Macro: MACRO
%
%==================================================================

%% Data

Data_prb = {
'QUAD';
'SI';
'2D';
'Plane_Stress';
'ELASTIC';
'MACRO';
};

%% Coordinates
% Node                X                Y                Z

gidcoord = [
1            0            2            0
2            0       1.9375            0
3       0.0625            2            0
4       0.0625       1.9375            0
5            0        1.875            0
6        0.125            2            0
7        0.125       1.9375            0
8       0.0625        1.875            0
9        0.125        1.875            0
10       0.1875            2            0
11            0       1.8125            0
12       0.1875       1.9375            0
13       0.0625       1.8125            0
14       0.1875        1.875            0
15        0.125       1.8125            0
16            0         1.75            0
17         0.25            2            0
18       0.0625         1.75            0
19         0.25       1.9375            0
20       0.1875       1.8125            0
21        0.125         1.75            0
22         0.25        1.875            0
23       0.3125            2            0
24            0       1.6875            0
25       0.1875         1.75            0
26         0.25       1.8125            0
27       0.3125       1.9375            0
28       0.0625       1.6875            0
29        0.125       1.6875            0
30       0.3125        1.875            0
31         0.25         1.75            0
32       0.1875       1.6875            0
33       0.3125       1.8125            0
34        0.375            2            0
35            0        1.625            0
36        0.375       1.9375            0
37       0.0625        1.625            0
38        0.375        1.875            0
39        0.125        1.625            0
40       0.3125         1.75            0
41         0.25       1.6875            0
42       0.1875        1.625            0
43        0.375       1.8125            0
44            0       1.5625            0
45       0.4375            2            0
46       0.4375       1.9375            0
47       0.3125       1.6875            0
48       0.0625       1.5625            0
49        0.375         1.75            0
50         0.25        1.625            0
51        0.125       1.5625            0
52       0.4375        1.875            0
53       0.4375       1.8125            0
54       0.1875       1.5625            0
55       0.3125        1.625            0
56        0.375       1.6875            0
57          0.5            2            0
58            0          1.5            0
59          0.5       1.9375            0
60       0.0625          1.5            0
61       0.4375         1.75            0
62         0.25       1.5625            0
63          0.5        1.875            0
64        0.125          1.5            0
65        0.375        1.625            0
66       0.1875          1.5            0
67          0.5       1.8125            0
68       0.3125       1.5625            0
69       0.4375       1.6875            0
70          0.5         1.75            0
71         0.25          1.5            0
72       0.5625            2            0
73            0       1.4375            0
74       0.0625       1.4375            0
75       0.5625       1.9375            0
76       0.4375        1.625            0
77        0.375       1.5625            0
78       0.5625        1.875            0
79        0.125       1.4375            0
80          0.5       1.6875            0
81       0.3125          1.5            0
82       0.5625       1.8125            0
83       0.1875       1.4375            0
84       0.5625         1.75            0
85         0.25       1.4375            0
86       0.4375       1.5625            0
87        0.625            2            0
88            0        1.375            0
89          0.5        1.625            0
90        0.375          1.5            0
91        0.625       1.9375            0
92       0.0625        1.375            0
93        0.625        1.875            0
94        0.125        1.375            0
95       0.3125       1.4375            0
96       0.5625       1.6875            0
97        0.625       1.8125            0
98       0.1875        1.375            0
99       0.4375          1.5            0
100          0.5       1.5625            0
101         0.25        1.375            0
102        0.625         1.75            0
103       0.5625        1.625            0
104        0.375       1.4375            0
105            0       1.3125            0
106       0.6875            2            0
107       0.6875       1.9375            0
108       0.0625       1.3125            0
109        0.625       1.6875            0
110       0.6875        1.875            0
111       0.3125        1.375            0
112        0.125       1.3125            0
113          0.5          1.5            0
114       0.5625       1.5625            0
115       0.6875       1.8125            0
116       0.1875       1.3125            0
117       0.4375       1.4375            0
118        0.625        1.625            0
119        0.375        1.375            0
120         0.25       1.3125            0
121       0.6875         1.75            0
122         0.75            2            0
123            0         1.25            0
124          0.5       1.4375            0
125         0.75       1.9375            0
126       0.0625         1.25            0
127       0.5625          1.5            0
128       0.6875       1.6875            0
129       0.3125       1.3125            0
130         0.75        1.875            0
131        0.125         1.25            0
132        0.625       1.5625            0
133       0.4375        1.375            0
134       0.1875         1.25            0
135         0.75       1.8125            0
136       0.6875        1.625            0
137        0.375       1.3125            0
138         0.75         1.75            0
139         0.25         1.25            0
140       0.5625       1.4375            0
141          0.5        1.375            0
142        0.625          1.5            0
143            0       1.1875            0
144       0.8125            2            0
145         0.75       1.6875            0
146       0.3125         1.25            0
147       0.6875       1.5625            0
148       0.8125       1.9375            0
149       0.4375       1.3125            0
150       0.0625       1.1875            0
151        0.125       1.1875            0
152       0.8125        1.875            0
153       0.8125       1.8125            0
154       0.1875       1.1875            0
155         0.75        1.625            0
156        0.375         1.25            0
157        0.625       1.4375            0
158       0.5625        1.375            0
159          0.5       1.3125            0
160       0.8125         1.75            0
161         0.25       1.1875            0
162       0.6875          1.5            0
163       0.4375         1.25            0
164         0.75       1.5625            0
165       0.3125       1.1875            0
166       0.8125       1.6875            0
167        0.875            2            0
168            0        1.125            0
169        0.875       1.9375            0
170       0.0625        1.125            0
171        0.625        1.375            0
172        0.875        1.875            0
173        0.125        1.125            0
174       0.6875       1.4375            0
175       0.5625       1.3125            0
176       0.8125        1.625            0
177        0.875       1.8125            0
