%==================================================================
%                        General Data File
% Title: TRIANGLE
% Units: SI
% Dimensions: 2D
% Type of problem: Plane_Stress
% Type of Phisics: ELASTIC
% Micro/Macro: MACRO
%
%==================================================================

%% Data

Data_prb = {
'TRIANGLE';
'SI';
'2D';
'Plane_Stress';
'ELASTIC';
'MACRO';
};

%% Coordinates
% Node                X                Y                Z

gidcoord = [
1            0            0            0
2            0      0.15385            0
3      0.15385            0            0
4      0.18484      0.14868            0
5            0      0.30769            0
6      0.30769            0            0
7      0.18349      0.29867            0
8      0.31406      0.22485            0
9            0      0.46154            0
10      0.46154            0            0
11      0.44464      0.15102            0
12      0.18214      0.44867            0
13      0.31271      0.37484            0
14      0.44328      0.30101            0
15      0.31136      0.52483            0
16            0      0.61538            0
17      0.61538            0            0
18      0.58055      0.21432            0
19      0.18078      0.59866            0
20      0.44193      0.45101            0
21      0.57251      0.37718            0
22      0.70106      0.14061            0
23      0.31001      0.67483            0
24      0.44058        0.601            0
25      0.70308      0.30336            0
26            0      0.76923            0
27      0.76923            0            0
28      0.17943      0.74865            0
29      0.57116      0.52718            0
30      0.70173      0.45335            0
31      0.83703      0.18538            0
32      0.43923        0.751            0
33      0.30865      0.82482            0
34       0.5698      0.67717            0
35       0.8323      0.37952            0
36      0.17808      0.89865            0
37            0      0.92308            0
38      0.92308            0            0
39      0.70038      0.60334            0
40      0.96423       0.1557            0
41      0.83095      0.52952            0
42      0.43788      0.90099            0
43      0.56845      0.82716            0
44      0.96288       0.3057            0
45       0.3073      0.97482            0
46      0.69903      0.75334            0
47      0.17673       1.0486            0
48      0.96153      0.45569            0
49       0.8296      0.67951            0
50            0       1.0769            0
51       1.0769            0            0
52       1.0935      0.23187            0
53       0.5671      0.97716            0
54      0.96017      0.60568            0
55      0.43653        1.051            0
56      0.69767      0.90333            0
57       1.0921      0.38186            0
58      0.30595       1.1248            0
59      0.82825       0.8295            0
60      0.17538       1.1986            0
61       1.0907      0.53186            0
62      0.95882      0.75568            0
63            0       1.2308            0
64       1.2308            0            0
65       1.2269      0.12904            0
66       1.2227      0.30804            0
67      0.56575       1.1272            0
68      0.69632       1.0533            0
69      0.43517        1.201            0
70       0.8269       0.9795            0
71       1.0894      0.68185            0
72       1.2213      0.45803            0
73       0.3046       1.2748            0
74      0.95747      0.90567            0
75      0.17403       1.3486            0
76         1.22      0.60802            0
77        1.088      0.83185            0
78        1.353      0.23433            0
79            0       1.3846            0
80       1.3846            0            0
81      0.69497       1.2033            0
82       0.5644       1.2771            0
83      0.82555       1.1295            0
84       1.3519      0.38421            0
85      0.43382        1.351            0
86      0.95612       1.0557            0
87       1.2187      0.75801            0
88       1.3505       0.5342            0
89      0.30325       1.4248            0
90       1.0867      0.98184            0
91       1.4974      0.14468            0
92      0.17267       1.4986            0
93       1.3492      0.68418            0
94        1.482      0.31058            0
95       1.2174        0.908            0
96      0.69362       1.3533            0
97      0.82419       1.2795            0
98      0.56304       1.4271            0
99      0.95495       1.2054            0
100            0       1.5385            0
101       1.5385            0            0
102       1.4811      0.46038            0
103      0.43247        1.501            0
104       1.0856       1.1316            0
105       1.3479      0.83409            0
106       1.4798      0.61037            0
107       0.3019       1.5748            0
108       1.2162       1.0578            0
109        1.614     0.086653            0
110       1.6125      0.23654            0
111      0.82284       1.4295            0
112      0.69227       1.5033            0
113       1.6114      0.38654            0
114      0.95355       1.3554            0
115      0.17132       1.6486            0
116       1.4785      0.76023            0
117       1.3467      0.98408            0
118      0.56169       1.5771            0
119       1.0841       1.2816            0
120            0       1.6923            0
121       1.6923            0            0
122       1.6103      0.53654            0
123      0.43112        1.651            0
124       1.2147       1.2078            0
125       1.4771      0.91023            0
126        1.609      0.68638            0
127      0.30054       1.7248            0
128       1.7495      0.13043            0
129       1.3453       1.1341            0
130       1.7418       0.3125            0
131      0.82149       1.5795            0
132      0.95206       1.5056            0
133      0.69092       1.6533            0
134       1.0827       1.4316            0
135       1.7407       0.4625            0
136      0.16997       1.7986            0
137       1.6077      0.83637            0
138      0.56034       1.7271            0
139       1.4759       1.0602            0
140       1.2134       1.3578            0
141       1.7396      0.61251            0
142            0       1.8462            0
143       1.8462            0            0
144      0.42977        1.801            0
145        1.344        1.284            0
146       1.8681      0.21549            0
147       1.6064      0.98637            0
148       1.7383      0.76252            0
149      0.29919       1.8748            0
150       1.4745       1.2102            0
151      0.95071       1.6556            0
152       1.8712      0.38846            0
153      0.82014       1.7295            0
154       1.0813       1.5818            0
155       1.2119        1.508            0
156       1.8701      0.53846            0
157      0.55899       1.8771            0
158       1.7369      0.91252            0
159      0.69054       1.8381            0
160       1.3426        1.434            0
161       1.6051       1.1363            0
162       1.8689       0.6887            0
163            2            0            0
164            0            2            0
165       1.4732       1.3602            0
166            2      0.15385            0
167      0.15385            2            0
168      0.30769            2            0
169            2      0.30769            0
170       1.7356       1.0625            0
171      0.94936       1.8056            0
172       1.0799       1.7318            0
173       1.8675       0.8387            0
174      0.81879       1.8795            0
175      0.46154            2            0
176            2      0.46154            0
177       1.2105        1.658            0
