%==================================================================
%                        General Data File
% Title: HEXAHEDRA
% Units: SI
% Dimensions: 3D
% Type of problem: Plane_Stress
% Type of Phisics: ELASTIC
% Micro/Macro: MACRO
%
%==================================================================

%% Data

Data_prb = {
'HEXAHEDRA';
'SI';
'3D';
'Plane_Stress';
'ELASTIC';
'MACRO';
};

%% Coordinates
% Node                X                Y                Z

coord = [
1            0            2            2
2         0.25            2            2
3            0            2         1.75
4            0         1.75            2
5         0.25         1.75            2
6         0.25            2         1.75
7            0         1.75         1.75
8         0.25         1.75         1.75
9            0          1.5            2
10            0            2          1.5
11          0.5            2            2
12          0.5            2         1.75
13          0.5         1.75            2
14            0         1.75          1.5
15         0.25          1.5            2
16         0.25            2          1.5
17            0          1.5         1.75
18         0.25         1.75          1.5
19          0.5         1.75         1.75
20         0.25          1.5         1.75
21          0.5            2          1.5
22          0.5          1.5            2
23            0          1.5          1.5
24            0         1.25            2
25            0            2         1.25
26         0.75            2            2
27          0.5         1.75          1.5
28          0.5          1.5         1.75
29         0.25          1.5          1.5
30         0.25            2         1.25
31         0.25         1.25            2
32            0         1.25         1.75
33            0         1.75         1.25
34         0.75         1.75            2
35         0.75            2         1.75
36         0.25         1.75         1.25
37         0.75         1.75         1.75
38         0.25         1.25         1.75
39          0.5          1.5          1.5
40          0.5            2         1.25
41          0.5         1.25            2
42         0.75          1.5            2
43         0.75            2          1.5
44            0         1.25          1.5
45            0          1.5         1.25
46          0.5         1.75         1.25
47          0.5         1.25         1.75
48         0.75          1.5         1.75
49         0.75         1.75          1.5
50         0.25         1.25          1.5
51         0.25          1.5         1.25
52            0            2            1
53            1            2            2
54            0            1            2
55            0         1.75            1
56            1         1.75            2
57            1            2         1.75
58            0            1         1.75
59         0.25            2            1
60         0.25            1            2
61         0.75          1.5          1.5
62          0.5          1.5         1.25
63          0.5         1.25          1.5
64         0.75            2         1.25
65            1         1.75         1.75
66         0.25         1.75            1
67            0         1.25         1.25
68         0.25            1         1.75
69         0.75         1.25            2
70         0.75         1.75         1.25
71         0.25         1.25         1.25
72         0.75         1.25         1.75
73            0          1.5            1
74          0.5            1            2
75            0            1          1.5
76            1          1.5            2
77            1            2          1.5
78          0.5            2            1
79            1         1.75          1.5
80          0.5            1         1.75
81          0.5         1.75            1
82            1          1.5         1.75
83         0.25            1          1.5
84         0.25          1.5            1
85          0.5         1.25         1.25
86         0.75          1.5         1.25
87         0.75         1.25          1.5
88          0.5            1          1.5
89          0.5          1.5            1
90            1          1.5          1.5
91            1         1.25            2
92            0         1.25            1
93            1            2         1.25
94            0            1         1.25
95         1.25            2            2
96            0         0.75            2
97         0.75            1            2
98            0            2         0.75
99         0.75            2            1
100         0.25         1.25            1
101            1         1.25         1.75
102         1.25         1.75            2
103            1         1.75         1.25
104         0.75         1.75            1
105         0.25            2         0.75
106         1.25            2         1.75
107         0.25         0.75            2
108            0         1.75         0.75
109            0         0.75         1.75
110         0.25            1         1.25
111         0.75            1         1.75
112         1.25         1.75         1.75
113         0.25         1.75         0.75
114         0.25         0.75         1.75
115         0.75         1.25         1.25
116         1.25          1.5            2
117            1         1.25          1.5
118         0.75          1.5            1
119          0.5         1.25            1
120          0.5            2         0.75
121          0.5         0.75            2
122          0.5            1         1.25
123         0.75            1          1.5
124         1.25            2          1.5
125            0          1.5         0.75
126            0         0.75          1.5
127            1          1.5         1.25
128          0.5         1.75         0.75
129         1.25          1.5         1.75
130         1.25         1.75          1.5
131          0.5         0.75         1.75
132         0.25         0.75          1.5
133         0.25          1.5         0.75
134            0            1            1
135            1            1            2
136            1            2            1
137            1         1.75            1
138         0.25            1            1
139            1            1         1.75
140         1.25          1.5          1.5
141          0.5         0.75          1.5
142          0.5          1.5         0.75
143         1.25         1.25            2
144            1         1.25         1.25
145         0.75            1         1.25
146         1.25            2         1.25
147            0         1.25         0.75
148         0.75         1.25            1
149            0         0.75         1.25
150         0.75            2         0.75
151         0.75         0.75            2
152         1.25         1.25         1.75
153         1.25         1.75         1.25
154         0.25         0.75         1.25
155         0.25         1.25         0.75
156         0.75         1.75         0.75
157         0.75         0.75         1.75
158          1.5            2            2
159            0            2          0.5
160            0          0.5            2
161          0.5            1            1
162            1            1          1.5
163            1          1.5            1
164          1.5            2         1.75
165         0.25            2          0.5
166          1.5         1.75            2
167         0.25          0.5            2
168            0          0.5         1.75
169            0         1.75          0.5
170         1.25         1.25          1.5
171          0.5         0.75         1.25
172          1.5         1.75         1.75
173          0.5         1.25         0.75
174         0.75          1.5         0.75
175         1.25          1.5         1.25
176         0.25         1.75          0.5
177         0.75         0.75          1.5
