%==================================================================
%                        General Data File
% Title: Default_title
% Units: SI
% Dimensions: 2D
% Type of problem: Plane_Stress
% Type of Phisics: ELASTIC
% Micro/Macro: MACRO
%
%==================================================================

%% Data

Data_prb = {
'Default_title';
'SI';
'2D';
'Plane_Stress';
'ELASTIC';
'MACRO';
};

%% Coordinates
% Node                X                Y                Z

coord = [
1            1            1            0
2         0.96            1            0
3            1         0.96            0
4      0.96025      0.96141            0
5            1         0.92            0
6         0.92            1            0
7      0.96118      0.92308            0
8      0.92106      0.96241            0
9      0.92297      0.92597            0
10            1         0.88            0
11         0.88            1            0
12      0.96141      0.88561            0
13      0.88293      0.96233            0
14      0.92397      0.89184            0
15      0.88753      0.92617            0
16      0.89334       0.8971            0
17      0.95975      0.84731            0
18            1         0.84            0
19         0.84            1            0
20      0.84402      0.96014            0
21      0.91731      0.85626            0
22      0.85138      0.91898            0
23      0.86898      0.87293            0
24      0.95922      0.80634            0
25            1          0.8            0
26          0.8            1            0
27      0.80211       0.9589            0
28      0.91653      0.81298            0
29      0.80542      0.91648            0
30      0.86758      0.82051            0
31      0.81087      0.87071            0
32      0.95972      0.76523            0
33            1         0.76            0
34         0.76            1            0
35      0.75899      0.95897            0
36      0.91606      0.77021            0
37      0.75813      0.91672            0
38      0.81222      0.82095            0
39      0.86793      0.77335            0
40       0.7569      0.87081            0
41      0.95905      0.72423            0
42            1         0.72            0
43         0.72            1            0
44      0.91535      0.72747            0
45      0.71645      0.95913            0
46      0.81651      0.77193            0
47      0.71257      0.91809            0
48      0.86855      0.72819            0
49      0.75102      0.81739            0
50      0.70817      0.87535            0
51      0.95803      0.68289            0
52            1         0.68            0
53         0.68            1            0
54      0.76927      0.77057            0
55      0.91397      0.68509            0
56      0.67423      0.95944            0
57      0.81605      0.72129            0
58      0.87401       0.6885            0
59      0.66848      0.91808            0
60      0.70122      0.83387            0
61      0.77345      0.73441            0
62      0.71521      0.78554            0
63      0.66498      0.87597            0
64      0.73562      0.75772            0
65            1         0.64            0
66         0.64            1            0
67      0.83503      0.67998            0
68      0.95581      0.64039            0
69      0.87568      0.65852            0
70      0.74796        0.737            0
71      0.63331      0.95929            0
72      0.68616       0.8039            0
73      0.90521      0.63949            0
74      0.66189      0.83741            0
75      0.78377      0.68759            0
76      0.75815      0.70554            0
77      0.62702      0.91752            0
78      0.66396      0.81357            0
79      0.84737      0.64709            0
80      0.73408      0.71837            0
81      0.68888      0.76211            0
82      0.80184      0.66008            0
83      0.70871       0.7349            0
84      0.62398      0.87283            0
85      0.66552      0.78209            0
86            1          0.6            0
87          0.6            1            0
88      0.95795      0.59794            0
89      0.86345      0.61813            0
90      0.64383       0.7994            0
91      0.59302      0.95986            0
92      0.74055      0.68128            0
93      0.81532      0.63173            0
94      0.72152      0.69605            0
95      0.75821      0.66274            0
96      0.91442      0.59335            0
97      0.62239      0.82616            0
98      0.70246      0.70805            0
99      0.68167      0.72641            0
100      0.58804      0.91704            0
101      0.66609      0.74449            0
102      0.68743      0.71175            0
103      0.77292      0.64022            0
104      0.64615      0.76095            0
105      0.82704      0.60286            0
106      0.58546      0.87362            0
107      0.70779       0.6759            0
108      0.87314      0.58235            0
109      0.69218      0.68948            0
110      0.62472      0.77524            0
111      0.72273      0.66021            0
112      0.67769      0.70067            0
113            1         0.56            0
114         0.56            1            0
115      0.78522      0.61585            0
116      0.66452       0.7138            0
117      0.73628      0.64256            0
118      0.95987      0.55717            0
119       0.6483      0.72775            0
120      0.55415      0.95945            0
121       0.6026       0.7897            0
122       0.5823      0.83236            0
123      0.62989      0.74048            0
124      0.91946      0.55306            0
125      0.74768       0.6223            0
126      0.55071       0.9171            0
127       0.6803      0.67318            0
128      0.66578      0.68713            0
129      0.83547      0.57219            0
130      0.79473      0.59012            0
131      0.69365      0.65811            0
132      0.65019      0.69986            0
133      0.60982      0.75143            0
134      0.70575      0.64202            0
135      0.75789      0.60135            0
136      0.63362       0.7113            0
137      0.54969      0.87436            0
138      0.87783      0.54717            0
139      0.71651        0.625            0
140      0.57405      0.79637            0
141      0.61618      0.72136            0
142      0.58923      0.76103            0
143      0.72586      0.60717            0
144        0.802       0.5638            0
145            1         0.52            0
146         0.52            1            0
147       0.5492      0.83449            0
148      0.76572      0.57901            0
149      0.96061      0.51793            0
150      0.59799      0.72999            0
151      0.83982      0.54173            0
152      0.51577      0.95832            0
153      0.73375      0.58865            0
154      0.92033       0.5154            0
155      0.56648      0.76697            0
156      0.51312      0.91586            0
157      0.54743      0.80094            0
158      0.57917      0.73713            0
159      0.77195      0.55625            0
160      0.87874      0.51289            0
161      0.80587      0.53663            0
162      0.51407      0.87193            0
163      0.74013      0.56955            0
164      0.55983      0.74274            0
165        0.544       0.7719            0
166      0.51746      0.83144            0
167      0.84049       0.5118            0
168      0.74495      0.55001            0
169      0.52247      0.80097            0
170      0.77541      0.53281            0
171            1         0.48            0
172         0.48            1            0
173      0.96016       0.4791            0
174       0.5401      0.74676            0
175      0.47666      0.95707            0
176      0.80693        0.511            0
177      0.91789       0.4782            0
