%==================================================================
%                        General Data File
% Title: Default_title
% Units: SI
% Dimensions: 2D
% Type of problem: Plane_Stress
% Type of Phisics: HYPERELASTIC
% Micro/Macro: MACRO
%
%==================================================================

%% Data

Data_prb = {
'QUAD';
'SI';
'2D';
'Plane_Stress';
'HYPERELASTIC';
'MACRO';
};

%% Coordinates
% Node                X                Y                Z

coord = [
1            0            0            0
2          0.1            0            0
3            0          0.1            0
4      0.10006     0.099104            0
5          0.2            0            0
6            0          0.2            0
7      0.10026      0.19867            0
8      0.20076     0.098541            0
9       0.2008      0.19709            0
10          0.3            0            0
11            0          0.3            0
12     0.099212      0.29831            0
13      0.30218      0.09797            0
14      0.20016      0.29618            0
15      0.30278      0.19575            0
16          0.4            0            0
17            0          0.4            0
18     0.099143      0.39923            0
19      0.40322     0.098508            0
20       0.3021      0.29578            0
21      0.19873      0.39783            0
22      0.40487      0.19554            0
23      0.30103      0.39654            0
24          0.5            0            0
25            0          0.5            0
26      0.40442      0.29463            0
27     0.098628      0.50078            0
28      0.50338     0.098478            0
29      0.19825      0.50077            0
30      0.50585      0.19554            0
31      0.40241      0.39716            0
32      0.29898      0.49942            0
33      0.50641      0.29408            0
34          0.6            0            0
35            0          0.6            0
36     0.098562      0.60183            0
37      0.60325     0.098882            0
38      0.19792       0.6027            0
39      0.60533      0.19803            0
40      0.39992       0.5007            0
41      0.50428      0.39679            0
42      0.29726      0.60419            0
43      0.60544      0.29791            0
44          0.7            0            0
45            0          0.7            0
46     0.099438      0.70189            0
47      0.50153      0.50105            0
48      0.70227       0.0995            0
49       0.6043      0.39931            0
50      0.39745      0.60562            0
51      0.19821      0.70296            0
52      0.70408      0.20013            0
53      0.29714      0.70482            0
54      0.70498      0.30114            0
55      0.49952      0.60401            0
56      0.60304      0.50149            0
57          0.8            0            0
58            0          0.8            0
59      0.10012      0.80078            0
60      0.80131      0.10085            0
61      0.70443      0.40105            0
62      0.39617       0.7072            0
63      0.19834      0.80244            0
64      0.80319      0.20164            0
65      0.60122        0.604            0
66      0.29754      0.80388            0
67      0.80352      0.30167            0
68      0.49787      0.70538            0
69      0.70383      0.50241            0
70      0.39686      0.80443            0
71      0.80386      0.40226            0
72          0.9            0            0
73            0          0.9            0
74     0.099775      0.90072            0
75      0.90114      0.10115            0
76      0.19928      0.90128            0
77      0.90176      0.20198            0
78      0.60034      0.70463            0
79      0.70297      0.60269            0
80       0.4982      0.80417            0
81      0.80395      0.50236            0
82      0.29898      0.90196            0
83      0.90206      0.30164            0
84      0.39883      0.90186            0
85      0.90224      0.40218            0
86      0.70191      0.70288            0
87            0            1            0
88            1            0            0
89      0.60034      0.80318            0
90      0.80365      0.60141            0
91            1          0.1            0
92          0.1            1            0
93            1          0.2            0
94          0.2            1            0
95      0.50002      0.90208            0
96      0.90202      0.50166            0
97            1          0.3            0
98          0.3            1            0
99      0.80289      0.70116            0
100      0.70213       0.8021            0
101            1          0.4            0
102          0.4            1            0
103       0.6007      0.90182            0
104      0.90264      0.60082            0
105            1          0.5            0
106          0.5            1            0
107      0.80183      0.80118            0
108      0.90218      0.70004            0
109      0.70149      0.90106            0
110            1          0.6            0
111          0.6            1            0
112      0.80094      0.90088            0
113      0.90136      0.80057            0
114            1          0.7            0
115          0.7            1            0
116      0.90057      0.90036            0
117            1          0.8            0
118          0.8            1            0
119            1          0.9            0
120          0.9            1            0
121            1            1            0
];

%% Conectivities
% Element        Node(1)                Node(2)                Node(3)                Node(4)                Material

connec = [
1 3 1 2 4 0
2 72 88 91 75 0
3 119 121 120 116 0
4 92 87 73 74 0
5 6 3 4 7 0
6 57 72 75 60 0
7 117 119 116 113 0
8 94 92 74 76 0
9 11 6 7 12 0
10 2 5 8 4 0
11 44 57 60 48 0
12 91 93 77 75 0
13 114 117 113 108 0
14 120 118 112 116 0
15 98 94 76 82 0
16 73 58 59 74 0
17 17 11 12 18 0
18 5 10 13 8 0
19 34 44 48 37 0
20 93 97 83 77 0
21 110 114 108 104 0
22 118 115 109 112 0
23 102 98 82 84 0
24 58 45 46 59 0
25 25 17 18 27 0
26 10 16 19 13 0
27 24 34 37 28 0
28 16 24 28 19 0
29 97 101 85 83 0
30 105 110 104 96 0
31 101 105 96 85 0
32 115 111 103 109 0
33 106 102 84 95 0
34 111 106 95 103 0
35 45 35 36 46 0
36 35 25 27 36 0
37 4 8 9 7 0
38 60 75 77 64 0
39 77 83 67 64 0
40 12 7 9 14 0
41 83 85 71 67 0
42 116 112 107 113 0
43 8 13 15 9 0
44 112 109 100 107 0
45 109 103 89 100 0
46 103 95 80 89 0
47 95 84 70 80 0
48 84 82 66 70 0
49 13 19 22 15 0
50 85 96 81 71 0
51 96 104 90 81 0
52 104 108 99 90 0
53 108 113 107 99 0
54 18 12 14 21 0
55 27 18 21 29 0
56 36 27 29 38 0
57 46 36 38 51 0
58 74 59 63 76 0
59 59 46 51 63 0
60 82 76 63 66 0
61 19 28 30 22 0
62 28 37 39 30 0
63 48 60 64 52 0
64 37 48 52 39 0
65 99 107 100 86 0
66 9 15 20 14 0
67 21 14 20 23 0
68 66 63 51 53 0
69 51 38 42 53 0
70 70 66 53 62 0
71 90 99 86 79 0
72 15 22 26 20 0
73 81 90 79 69 0
74 38 29 32 42 0
75 29 21 23 32 0
76 71 81 69 61 0
77 52 64 67 54 0
78 67 71 61 54 0
79 39 52 54 43 0
80 30 39 43 33 0
81 22 30 33 26 0
82 100 89 78 86 0
83 80 70 62 68 0
84 89 80 68 78 0
85 43 54 61 49 0
86 26 33 41 31 0
87 33 43 49 41 0
88 20 26 31 23 0
89 32 23 31 40 0
90 53 42 50 62 0
91 42 32 40 50 0
92 79 86 78 65 0
93 61 69 56 49 0
94 69 79 65 56 0
95 68 62 50 55 0
96 78 68 55 65 0
97 56 65 55 47 0
98 55 50 40 47 0
99 49 56 47 41 0
100 41 47 40 31 0
];

%% Variable Prescribed
% Node            Dimension                Value

dirichlet_data = [
1 1 0 
1 2 0 
3 1 0 
3 2 0 
6 1 0 
6 2 0 
11 1 0 
11 2 0 
17 1 0 
17 2 0 
25 1 0 
25 2 0 
35 1 0 
35 2 0 
45 1 0 
45 2 0 
58 1 0 
58 2 0 
73 1 0 
73 2 0 
87 1 0 
87 2 0 
];

%% Force Prescribed
% Node                Dimension                Value

pointload_complete = [
88 2 -1 
91 2 -1 
93 2 -1 
97 2 -1 
101 2 -1 
105 2 -1 
110 2 -1 
114 2 -1 
117 2 -1 
119 2 -1 
121 2 -1 
];
