%==================================================================
%                        General Data File
% Title: HEXAHEDRA
% Units: SI
% Dimensions: 3D
% Type of problem: Plane_Stress
% Type of Phisics: ELASTIC
% Micro/Macro: MACRO
%
%==================================================================

%% Data

Data_prb = {
'HEXAHEDRA';
'SI';
'3D';
'Plane_Stress';
'ELASTIC';
'MACRO';
};

%% Coordinates
% Node                X                Y                Z

coord = [
1            0            2            2
2            0            2          1.5
3            0          1.5            2
4          0.5            2            2
5          0.5          1.5            2
6          0.5            2          1.5
7            0          1.5          1.5
8          0.5          1.5          1.5
9            0            1            2
10            0            2            1
11            1            2            2
12            0          1.5            1
13            0            1          1.5
14            1          1.5            2
15          0.5            2            1
16          0.5            1            2
17            1            2          1.5
18            1          1.5          1.5
19          0.5            1          1.5
20          0.5          1.5            1
21            0            1            1
22            1            2            1
23            1            1            2
24            1            1          1.5
25          1.5            2            2
26            0          0.5            2
27            0            2          0.5
28          0.5            1            1
29            1          1.5            1
30          1.5          1.5            2
31          1.5            2          1.5
32          0.5          0.5            2
33            0          0.5          1.5
34          0.5            2          0.5
35            0          1.5          0.5
36          1.5          1.5          1.5
37          0.5          0.5          1.5
38          0.5          1.5          0.5
39            1            1            1
40          1.5            1            2
41            0          0.5            1
42          1.5            2            1
43            1            2          0.5
44            1          0.5            2
45            0            1          0.5
46          1.5          1.5            1
47          1.5            1          1.5
48          0.5          0.5            1
49            1          0.5          1.5
50            1          1.5          0.5
51          0.5            1          0.5
52            0            0            2
53            0            2            0
54            2            2            2
55          1.5            1            1
56            1            1          0.5
57            1          0.5            1
58            0          1.5            0
59            2          1.5            2
60          0.5            0            2
61            0            0          1.5
62          0.5            2            0
63            2            2          1.5
64            2          1.5          1.5
65          0.5            0          1.5
66            0          0.5          0.5
67          1.5          0.5            2
68          0.5          1.5            0
69          1.5            2          0.5
70          1.5          1.5          0.5
71          0.5          0.5          0.5
72          1.5          0.5          1.5
73            1            2            0
74            0            1            0
75            2            1            2
76            0            0            1
77            1            0            2
78            2            2            1
79            2            1          1.5
80            1            0          1.5
81          0.5            0            1
82            2          1.5            1
83            1          1.5            0
84          0.5            1            0
85          1.5            1          0.5
86            1          0.5          0.5
87          1.5          0.5            1
88            2            1            1
89            1            0            1
90            1            1            0
91          1.5            0            2
92            2          0.5            2
93            0            0          0.5
94            2            2          0.5
95            0          0.5            0
96          1.5            2            0
97          1.5          1.5            0
98          0.5          0.5            0
99            2          0.5          1.5
100            2          1.5          0.5
101          0.5            0          0.5
102          1.5            0          1.5
103          1.5          0.5          0.5
104          1.5            1            0
105          1.5            0            1
106            1          0.5            0
107            1            0          0.5
108            2          0.5            1
109            2            1          0.5
110            2            0            2
111            2            2            0
112            0            0            0
113            2            0          1.5
114          0.5            0            0
115            2          1.5            0
116            2          0.5          0.5
117          1.5          0.5            0
118          1.5            0          0.5
119            2            1            0
120            2            0            1
121            1            0            0
122            2            0          0.5
123          1.5            0            0
124            2          0.5            0
125            2            0            0
];

%% Conectivities
% Element        Node(1)                Node(2)                Node(3)                Node(4)                Node(5)                Node(6)                Node(7)                Node(8)                Material

connec = [
1 72 99 92 67 102 113 110 91 0
2 49 72 67 44 80 102 91 77 0
3 37 49 44 32 65 80 77 60 0
4 33 37 32 26 61 65 60 52 0
5 87 108 99 72 105 120 113 102 0
6 57 87 72 49 89 105 102 80 0
7 48 57 49 37 81 89 80 65 0
8 41 48 37 33 76 81 65 61 0
9 103 116 108 87 118 122 120 105 0
10 86 103 87 57 107 118 105 89 0
11 71 86 57 48 101 107 89 81 0
12 66 71 48 41 93 101 81 76 0
13 117 124 116 103 123 125 122 118 0
14 106 117 103 86 121 123 118 107 0
15 98 106 86 71 114 121 107 101 0
16 95 98 71 66 112 114 101 93 0
17 47 79 75 40 72 99 92 67 0
18 24 47 40 23 49 72 67 44 0
19 19 24 23 16 37 49 44 32 0
20 13 19 16 9 33 37 32 26 0
21 55 88 79 47 87 108 99 72 0
22 39 55 47 24 57 87 72 49 0
23 28 39 24 19 48 57 49 37 0
24 21 28 19 13 41 48 37 33 0
25 85 109 88 55 103 116 108 87 0
26 56 85 55 39 86 103 87 57 0
27 51 56 39 28 71 86 57 48 0
28 45 51 28 21 66 71 48 41 0
29 104 119 109 85 117 124 116 103 0
30 90 104 85 56 106 117 103 86 0
31 84 90 56 51 98 106 86 71 0
32 74 84 51 45 95 98 71 66 0
33 36 64 59 30 47 79 75 40 0
34 18 36 30 14 24 47 40 23 0
35 8 18 14 5 19 24 23 16 0
36 7 8 5 3 13 19 16 9 0
37 46 82 64 36 55 88 79 47 0
38 29 46 36 18 39 55 47 24 0
39 20 29 18 8 28 39 24 19 0
40 12 20 8 7 21 28 19 13 0
41 70 100 82 46 85 109 88 55 0
42 50 70 46 29 56 85 55 39 0
43 38 50 29 20 51 56 39 28 0
44 35 38 20 12 45 51 28 21 0
45 97 115 100 70 104 119 109 85 0
46 83 97 70 50 90 104 85 56 0
47 68 83 50 38 84 90 56 51 0
48 58 68 38 35 74 84 51 45 0
49 31 63 54 25 36 64 59 30 0
50 17 31 25 11 18 36 30 14 0
51 6 17 11 4 8 18 14 5 0
52 2 6 4 1 7 8 5 3 0
53 42 78 63 31 46 82 64 36 0
54 22 42 31 17 29 46 36 18 0
55 15 22 17 6 20 29 18 8 0
56 10 15 6 2 12 20 8 7 0
57 69 94 78 42 70 100 82 46 0
58 43 69 42 22 50 70 46 29 0
59 34 43 22 15 38 50 29 20 0
60 27 34 15 10 35 38 20 12 0
61 96 111 94 69 97 115 100 70 0
62 73 96 69 43 83 97 70 50 0
63 62 73 43 34 68 83 50 38 0
64 53 62 34 27 58 68 38 35 0
];

%% Variable Prescribed
% Node            Dimension                Value

