%==================================================================
%                        General Data File
% Title: strip_hole
% Units: SI
% Dimensions: 2D
% Type of problem: Plane_Stress
% Type of Phisics: HYPERELASTIC
% Micro/Macro: MACRO
%
%==================================================================

%% Data

Data_prb = {
'TRIANGLE';
'SI';
'2D';
'Plane_Stress';
'HYPERELASTIC';
'MACRO';
};

%% Coordinates
% Node                X                Y                Z

coord = [
1            0            0            0
2            0         0.26            0
3         0.26            0            0
4      0.36833      0.23097            0
5         0.26      0.45033            0
6            0         0.52            0
7         0.52            0            0
8         0.52      0.45033            0
9         0.65      0.22517            0
10         0.78            0            0
11            0         0.78            0
12      0.36833      0.69292            0
13         0.78      0.45033            0
14         0.65       0.6755            0
15         0.91      0.22517            0
16      0.25133      0.90502            0
17         0.52      0.90067            0
18         1.04            0            0
19            0         1.04            0
20         0.91       0.6755            0
21         1.04      0.45033            0
22      0.36833       1.1115            0
23         1.17      0.22517            0
24         0.78      0.90067            0
25         0.65       1.1258            0
26          1.3            0            0
27            0          1.3            0
28         1.17       0.6755            0
29         1.04      0.90067            0
30          1.3      0.45033            0
31         0.26        1.351            0
32         0.91       1.1258            0
33         1.43      0.22517            0
34         0.52        1.351            0
35         0.78        1.351            0
36         1.56            0            0
37            0         1.56            0
38         1.43       0.6755            0
39          1.3      0.90067            0
40      0.43503       1.5539            0
41         1.17       1.1258            0
42         1.56      0.45033            0
43      0.22517         1.69            0
44         0.65       1.5762            0
45         1.04        1.351            0
46         1.69      0.22517            0
47         1.56      0.90067            0
48         1.43       1.1258            0
49         1.69       0.6755            0
50         0.91       1.5762            0
51         1.82            0            0
52            0         1.82            0
53         1.82      0.45033            0
54          1.3        1.351            0
55      0.48796       1.8111            0
56         1.17       1.5762            0
57         0.78       1.8013            0
58      0.22517         1.95            0
59         1.95      0.22517            0
60         1.69       1.1258            0
61         1.82      0.90067            0
62         1.56        1.351            0
63         1.95       0.6755            0
64         1.04       1.8013            0
65         2.08            0            0
66            0         2.08            0
67         1.43       1.5762            0
68      0.45033         2.08            0
69         0.65       2.0265            0
70         2.08      0.45033            0
71          1.3       1.8013            0
72      0.22517         2.21            0
73         0.91       2.0265            0
74         2.21      0.22517            0
75         1.95       1.1258            0
76         1.82        1.351            0
77         2.08      0.90067            0
78         2.21       0.6755            0
79         1.69       1.5762            0
80         1.17       2.0265            0
81         2.34            0            0
82            0         2.34            0
83      0.49379       2.3012            0
84         1.56       1.8013            0
85         0.78       2.2517            0
86         2.34      0.45033            0
87         1.43       2.0265            0
88         1.04       2.2517            0
89      0.22517         2.47            0
90         2.08        1.351            0
91         2.47      0.22517            0
92         2.21       1.1258            0
93         1.95       1.5762            0
94         2.34      0.90067            0
95       0.6755         2.47            0
96         1.82       1.8013            0
97         2.47       0.6755            0
98          1.3       2.2517            0
99          2.6            0            0
100            0          2.6            0
101         1.69       2.0265            0
102      0.45033          2.6            0
103          2.6      0.45033            0
104      0.90333       2.5376            0
105         2.34        1.351            0
106       1.1258         2.47            0
107         2.21       1.5762            0
108         2.47       1.1258            0
109         1.56       2.2517            0
110      0.22517         2.73            0
111         2.73      0.22517            0
112         2.08       1.8013            0
113          2.6      0.90067            0
114         1.95       2.0265            0
115         2.73       0.6755            0
116       0.6755         2.73            0
117         2.86            0            0
118            0         2.86            0
119         1.82       2.2517            0
120      0.45033         2.86            0
121         2.86      0.45033            0
122       1.3939       2.5455            0
123         2.47       1.5762            0
124          2.6        1.351            0
125       1.1258         2.73            0
126         2.34       1.8013            0
127         2.73       1.1258            0
128         2.99      0.22517            0
129      0.22517         2.99            0
130         2.21       2.0265            0
131      0.90067         2.86            0
132         2.86      0.90067            0
133       1.6724       2.4923            0
134         2.08       2.2517            0
135         2.99       0.6755            0
136       0.6755         2.99            0
137         3.12            0            0
138            0         3.12            0
139       1.9303       2.4675            0
140         3.12      0.45033            0
141       1.5762         2.73            0
142      0.45033         3.12            0
143         2.73       1.5762            0
144          2.6       1.8013            0
145         2.86        1.351            0
146       1.1258         2.99            0
147         2.47       2.0265            0
148         2.99       1.1258            0
149       1.3971       2.8928            0
150         2.34       2.2517            0
151         3.12      0.90067            0
152      0.90067         3.12            0
153         1.82        2.702            0
154         3.25      0.22517            0
155      0.22517         3.25            0
156         2.21       2.4768            0
157       0.6755         3.25            0
158         3.25       0.6755            0
159         1.69       2.9272            0
160         3.38            0            0
161            0         3.38            0
162         2.86       1.8013            0
163         2.99       1.5762            0
164        1.351         3.12            0
165         2.73       2.0265            0
166         3.12        1.351            0
167         2.08        2.702            0
168         3.38      0.45033            0
169      0.45033         3.38            0
170          2.6       2.2517            0
171         3.25       1.1258            0
172         2.47       2.4768            0
173      0.90067         3.38            0
174         3.38      0.90067            0
175       1.1497       3.3133            0
176         1.56       3.1523            0
177         1.95       2.9272            0
