%==================================================================
%                        General Data File
% Title: strip_hole
% Units: SI
% Dimensions: 2D
% Type of problem: Plane_Stress
% Type of Phisics: HYPERELASTIC
% Micro/Macro: MACRO
%
%==================================================================

%% Data

Data_prb = {
'TRIANGLE';
'SI';
'2D';
'Plane_Stress';
'HYPERELASTIC';
'MACRO';
};

%% Coordinates
% Node                X                Y                Z

coord = [
1          6.5          6.5            0
2       6.0357          6.5            0
3          6.5       6.0357            0
4       5.8314       6.0329            0
5          6.5       5.5714            0
6       5.5714          6.5            0
7       6.0838       5.5816            0
8        5.283       5.9888            0
9       5.5143       5.5912            0
10       5.1071          6.5            0
11          6.5       5.1071            0
12       5.7455       5.1936            0
13       5.0543       5.5897            0
14        4.823       5.9873            0
15       5.2855       5.1921            0
16       6.0364       4.7555            0
17       4.6429          6.5            0
18          6.5       4.6429            0
19       5.5168       4.7944            0
20       4.5943       5.5882            0
21       6.2081       4.3983            0
22       4.8256       5.1906            0
23        4.363       5.9859            0
24       5.7481       4.3968            0
25       5.0568        4.793            0
26       4.1786          6.5            0
27          6.5       4.1786            0
28       5.2881       4.3953            0
29       6.0377       4.0476            0
30       4.3656       5.1891            0
31       4.1343       5.5867            0
32       4.5968       4.7915            0
33        3.903       5.9844            0
34       5.5194       3.9977            0
35       4.8281       4.3939            0
36       3.7143          6.5            0
37          6.5       3.7143            0
38       5.0594       3.9962            0
39       3.9056       5.1876            0
40       4.1368         4.79            0
41       3.6743       5.5853            0
42       5.7507       3.6001            0
43       4.3681       4.3924            0
44        3.443       5.9829            0
45       5.2907       3.5986            0
46       4.5994       3.9947            0
47         3.25          6.5            0
48          6.5         3.25            0
49       6.0876       3.2257            0
50       3.6768       4.7885            0
51       3.4456       5.1862            0
52       3.9081       4.3909            0
53       4.8307       3.5971            0
54       3.2143       5.5838            0
55        5.522        3.201            0
56        4.098       3.9756            0
57        2.983       5.9814            0
58        5.062       3.1995            0
59       4.3707       3.5956            0
60       3.2168        4.787            0
61       2.7857          6.5            0
62          6.5       2.7857            0
63       3.4532       4.3454            0
64       2.9856       5.1847            0
65        5.836       2.7969            0
66       3.6794       3.9918            0
67        4.602        3.198            0
68       2.7543       5.5823            0
69       5.2932       2.8019            0
70        2.523       5.9799            0
71       4.1258       3.2257            0
72       4.8332       2.8004            0
73       2.9881       4.3879            0
74       2.7568       4.7856            0
75       3.6623       3.4881            0
76       6.0889       2.3631            0
77       2.3214          6.5            0
78          6.5       2.3214            0
79       2.5256       5.1832            0
80       5.5245       2.4042            0
81       4.3314       2.8346            0
82         3.25       3.7261            0
83       2.2943       5.5808            0
84       5.0645       2.4027            0
85        3.375       3.4665            0
86          3.5         3.25            0
87        2.063       5.9785            0
88       2.7909       3.9918            0
89       3.6624       3.0119            0
90       2.5281       4.3865            0
91       4.6045       2.4013            0
92        3.125       3.4665            0
93       2.2968       4.7841            0
94       5.7558       2.0066            0
95       2.0656       5.1817            0
96       1.8571          6.5            0
97          6.5       1.8571            0
98       5.2958       2.0051            0
99        3.375       3.0335            0
100       4.1445       2.3998            0
101       2.8377       3.4881            0
102       1.8343       5.5793            0
103            3         3.25            0
104       4.8358       2.0036            0
105        3.125       3.0335            0
106       2.3506       3.9704            0
107       6.0082       1.6148            0
108       2.0681        4.385            0
109        1.603        5.977            0
110         3.25       2.7739            0
111       1.8368       4.7826            0
112       4.3758       2.0022            0
113       5.5271       1.6075            0
114       3.6088       2.4304            0
115       2.8376       3.0119            0
116       1.6056       5.1802            0
117       5.0671        1.606            0
118       1.3929          6.5            0
119          6.5       1.3929            0
120       3.9158       2.0007            0
121       1.3743       5.5779            0
122       4.6071       1.6045            0
123       1.8394       3.9859            0
124       2.0707       3.5883            0
125        3.215       2.3193            0
126       2.3658       3.1437            0
127       1.6081       4.3835            0
128       5.7584       1.2099            0
129        1.143       5.9755            0
130       1.3769       4.7811            0
131       5.2984       1.2084            0
132       4.1471        1.603            0
133       3.4558       1.9992            0
134       2.4692       2.7473            0
135       1.1456       5.1788            0
136       4.8384       1.2069            0
137       2.7645       2.3953            0
138          6.5      0.92857            0
139      0.92857          6.5            0
140       6.0915      0.86991            0
141       3.6871       1.6016            0
142      0.91429       5.5764            0
143       1.6107       3.5868            0
144       4.3784       1.2054            0
145       1.3794       3.9844            0
146       2.9958       1.9977            0
147        1.842       3.1892            0
148       1.1481        4.382            0
149       5.5296      0.81075            0
150       2.0733       2.7915            0
151      0.68301        5.974            0
152      0.91685       4.7796            0
153       5.0696      0.80927            0
154       2.3045       2.3939            0
155       3.9184       1.2039            0
156       3.2271       1.6001            0
157       4.6096      0.80779            0
158       2.5358       1.9962            0
159      0.64798       5.1658            0
160          6.5      0.46429            0
161      0.46429          6.5            0
162       1.1507       3.5853            0
163        1.382       3.1877            0
164       3.4584       1.2025            0
165       5.8382       0.4261            0
166      0.45429       5.5749            0
167      0.91942       3.9829            0
168       1.6133         2.79            0
169       4.1496      0.80631            0
170       2.7671       1.5986            0
171       5.3009      0.41164            0
172       1.8446       2.3924            0
173      0.45686       4.7782            0
174      0.55724       4.3894            0
175       4.8409      0.41016            0
176       2.0758       1.9948            0
177       3.6896      0.80483            0
