%==================================================================
%                        General Data File
% Title: Default_title
% Units: SI
% Dimensions: 2D
% Type of problem: Plane_Stress
% Type of Phisics: Stokes
% Micro/Macro: MACRO
%
%==================================================================

%% Data
order={'QUADRATIC','LINEAR'};
Data_prb = {
'TRIANGLE';
'SI';
'2D';
'Plane_Stress';
'Stokes';
'MACRO'
};
state = 'Transient';
dtime = 0.01;
finalTime = 5;


%% Coordinates
% Node                X                Y                Z

gidcoord = [
1            1            1            0
2         0.95            1            0
3            1         0.95            0
4       0.9326       0.9511            0
5      0.95902      0.91634            0
6          0.9            1            0
7            1          0.9            0
8       0.9567        0.875            0
9       0.9134          0.9            0
10      0.87315      0.94024            0
11         0.85            1            0
12            1         0.85            0
13       0.9134         0.85            0
14      0.82724      0.95388            0
15       0.8701        0.875            0
16       0.9567        0.825            0
17            1          0.8            0
18          0.8            1            0
19      0.82679          0.9            0
20       0.9134          0.8            0
21       0.8701        0.825            0
22      0.78624      0.92917            0
23       0.9567        0.775            0
24      0.82679         0.85            0
25            1         0.75            0
26         0.75            1            0
27      0.78349        0.875            0
28       0.8701        0.775            0
29       0.9134         0.75            0
30      0.82679          0.8            0
31      0.74019         0.95            0
32       0.9567        0.725            0
33      0.78349        0.825            0
34      0.74019          0.9            0
35            1          0.7            0
36          0.7            1            0
37      0.74019         0.85            0
38       0.8701        0.725            0
39      0.82679         0.75            0
40       0.9134          0.7            0
41      0.78349        0.775            0
42      0.69689        0.925            0
43       0.9567        0.675            0
44      0.74019          0.8            0
45      0.69689        0.875            0
46      0.82679          0.7            0
47            1         0.65            0
48         0.65            1            0
49       0.8701        0.675            0
50      0.69689        0.825            0
51      0.78349        0.725            0
52      0.65359         0.95            0
53       0.9134         0.65            0
54      0.74019         0.75            0
55      0.65359          0.9            0
56       0.9567        0.625            0
57      0.69689        0.775            0
58      0.65359         0.85            0
59      0.82679         0.65            0
60      0.78349        0.675            0
61       0.8701        0.625            0
62      0.74019          0.7            0
63      0.60857      0.92917            0
64            1          0.6            0
65          0.6            1            0
66      0.65359          0.8            0
67       0.9134          0.6            0
68      0.61029        0.875            0
69      0.69689        0.725            0
70       0.9567        0.575            0
71      0.61029        0.825            0
72      0.65359         0.75            0
73      0.78349        0.625            0
74      0.82679          0.6            0
75      0.56699         0.95            0
76      0.74019         0.65            0
77       0.8701        0.575            0
78      0.56699          0.9            0
79      0.69689        0.675            0
80            1         0.55            0
81         0.55            1            0
82      0.61029        0.775            0
83      0.56699         0.85            0
84      0.65359          0.7            0
85       0.9067      0.53532            0
86       0.9567        0.525            0
87      0.78349        0.575            0
88      0.74019          0.6            0
89      0.61029        0.725            0
90      0.56699          0.8            0
91      0.52406      0.93929            0
92      0.82679         0.55            0
93      0.69689        0.625            0
94      0.52369        0.875            0
95      0.65359         0.65            0
96            1          0.5            0
97          0.5            1            0
98      0.56699         0.75            0
99         0.85      0.51962            0
100      0.61029        0.675            0
101      0.52369        0.825            0
102          0.8      0.51962            0
103      0.69689        0.575            0
104      0.47874      0.95369            0
105      0.94174      0.47939            0
106      0.56699          0.7            0
107      0.52369        0.775            0
108      0.65359          0.6            0
109      0.48038          0.9            0
110       0.7458      0.53455            0
111      0.87882      0.47937            0
112      0.61029        0.625            0
113      0.48038         0.85            0
114            1         0.45            0
115         0.45            1            0
116      0.52369        0.725            0
117        0.825      0.47631            0
118      0.56699         0.65            0
119      0.48038          0.8            0
120      0.43924      0.92917            0
121          0.7      0.51962            0
122       0.7743       0.4788            0
123         0.95      0.43301            0
124          0.9      0.43301            0
125      0.61029        0.575            0
126      0.52369        0.675            0
127      0.48038         0.75            0
128      0.43708        0.875            0
129      0.65301      0.53532            0
130         0.85      0.43301            0
131      0.56699          0.6            0
132      0.43708        0.825            0
133        0.725      0.47631            0
134            1          0.4            0
135          0.4            1            0
136      0.48038          0.7            0
137          0.8      0.43301            0
138      0.52369        0.625            0
139      0.43708        0.775            0
140      0.39378         0.95            0
141      0.92917      0.39143            0
142      0.39378          0.9            0
143        0.675      0.47631            0
144         0.75      0.43301            0
145      0.60419      0.52023            0
146        0.875      0.38971            0
147      0.39378         0.85            0
148      0.48038         0.65            0
149      0.43708        0.725            0
150        0.825      0.38971            0
151      0.52369        0.575            0
152      0.39378          0.8            0
153      0.55763      0.53818            0
154          0.7      0.43301            0
155        0.625      0.47631            0
156            1         0.35            0
157         0.35            1            0
158      0.43708        0.675            0
159        0.775      0.38971            0
160      0.35405      0.91634            0
161      0.48235      0.59828            0
162         0.95      0.34641            0
163      0.39378         0.75            0
164          0.9      0.34641            0
165      0.35048        0.875            0
166         0.65      0.43301            0
167        0.725      0.38971            0
168         0.85      0.34641            0
169      0.35048        0.825            0
170        0.575      0.47631            0
171        0.325       0.9567            0
172      0.43708        0.625            0
173      0.39378          0.7            0
174          0.8      0.34641            0
175      0.49218      0.53966            0
