%==================================================================
%                        General Data File
% Title: densee
% Units: SI
% Dimensions: 3D
% Type of problem: Plane_Stress
% Type of Phisics: HYPERELASTIC
% Micro/Macro: MACRO
%
%==================================================================

%% Data

Data_prb = {
'TETRAHEDRA';
'SI';
'3D';
'Plane_Stress';
'HYPERELASTIC';
'MACRO';
};

%% Coordinates
% Node                X                Y                Z

coord = [
1            1            1            0
2      0.66667            1            0
3            1      0.66667            0
4            1            1      0.33333
5      0.81787      0.81787      0.25273
6            1          0.5         0.25
7          0.5      0.72222            0
8            1      0.69689          0.5
9      0.69689            1          0.5
10      0.60923      0.65836      0.28876
11      0.33333            1            0
12            1      0.33333            0
13            1            1      0.66667
14      0.64496      0.41481            0
15      0.73766      0.35845      0.28858
16      0.33837            1      0.40782
17      0.74615      0.51044      0.55847
18      0.51574      0.69926      0.59672
19            1          0.6      0.73333
20       0.4926      0.38852      0.26503
21      0.80275      0.74294      0.77394
22      0.21436      0.74562      0.20265
23            1      0.30311          0.5
24      0.30311          0.5            0
25      0.61131      0.17683      0.15427
26      0.40705            1       0.7149
27      0.71969      0.25625       0.4924
28          0.4      0.26667            0
29      0.25425      0.61597      0.45132
30      0.69643      0.44246      0.72976
31      0.47243      0.34807      0.49707
32            0            1            0
33            1            1            1
34            1            0            0
35      0.86136      0.30262      0.74211
36            0            1      0.33333
37            0      0.66667            0
38      0.66667            0            0
39            1            0      0.33333
40            1      0.66667            1
41      0.66667            1            1
42      0.23087      0.80421      0.69841
43      0.25998          0.3       0.4081
44            0      0.73333          0.4
45      0.19115      0.26224      0.18892
46      0.58333            0      0.33837
47      0.58519      0.64496            1
48            0      0.52517      0.30899
49      0.28355      0.45636      0.73104
50      0.73333            0          0.6
51      0.73333          0.4            1
52      0.69581      0.19791      0.84019
53            0            1      0.66667
54            1            0      0.66667
55            0      0.33333            0
56      0.33333            1            1
57      0.33333            0            0
58            1      0.33333            1
59       0.3448      0.25222      0.74224
60            0      0.58941      0.64496
61      0.24382      0.16459      0.57114
62      0.26667            0          0.4
63          0.5      0.30311            1
64            0      0.29687      0.49233
65      0.43056            0      0.66751
66      0.27778          0.5            1
67      0.19452       0.2187      0.83339
68            0            0            0
69            1            0            1
70            0            1            1
71            0      0.66667            1
72            0            0      0.33333
73      0.66667            0            1
74      0.33333            0            1
75            0      0.33333            1
76            0            0      0.66667
77            0            0            1
];

%% Conectivities
% Element        Node(1)                Node(2)                Node(3)                Node(4)                Material

connec = [
1 48 44 60 29 0
2 48 44 29 22 0
3 48 44 22 37 0
4 22 48 37 24 0
5 44 60 29 53 0
6 63 47 51 30 0
7 51 63 30 52 0
8 51 63 52 73 0
9 24 28 14 20 0
10 24 28 20 45 0
11 24 28 45 55 0
12 63 52 73 65 0
13 45 24 55 48 0
14 37 22 24 7 0
15 44 29 22 16 0
16 47 51 30 19 0
17 28 14 20 25 0
18 28 14 25 38 0
19 25 28 38 57 0
20 55 45 48 64 0
21 30 51 52 35 0
22 28 20 45 62 0
23 20 28 25 62 0
24 30 51 35 19 0
25 29 48 22 20 0
26 38 25 57 46 0
27 38 25 46 39 0
28 51 52 35 58 0
29 35 51 58 19 0
30 58 35 19 23 0
31 35 19 23 17 0
32 35 19 17 30 0
33 17 35 30 27 0
34 30 17 27 31 0
35 30 17 31 18 0
36 30 17 18 21 0
37 30 17 21 19 0
38 17 21 19 8 0
39 21 19 8 13 0
40 19 17 8 23 0
41 23 35 17 27 0
42 23 35 27 50 0
43 17 27 31 15 0
44 17 31 18 10 0
45 17 18 21 9 0
46 17 27 15 23 0
47 18 30 21 47 0
48 30 21 47 19 0
49 31 30 18 49 0
50 31 17 15 10 0
51 17 15 10 6 0
52 27 30 31 65 0
53 18 17 10 9 0
54 30 18 49 47 0
55 31 30 49 59 0
56 31 30 59 65 0
57 12 6 3 14 0
58 15 31 10 20 0
59 15 31 20 46 0
60 31 10 20 29 0
61 20 31 29 43 0
62 20 31 43 62 0
63 10 15 20 14 0
64 15 20 14 25 0
65 15 20 25 46 0
66 25 15 46 39 0
67 14 15 25 12 0
68 31 29 43 49 0
69 31 29 49 18 0
70 29 49 18 42 0
71 29 49 42 60 0
72 29 49 60 43 0
73 31 29 18 10 0
74 35 30 27 52 0
75 30 27 52 65 0
76 27 35 52 50 0
77 52 27 50 65 0
78 27 50 65 46 0
79 27 50 46 39 0
80 50 52 65 73 0
81 50 52 73 54 0
82 50 52 54 35 0
83 18 29 42 16 0
84 27 23 50 39 0
85 30 49 59 63 0
86 52 51 73 58 0
87 28 45 55 57 0
88 63 30 52 65 0
89 20 24 45 48 0
90 44 22 37 36 0
91 44 22 36 16 0
92 25 28 57 62 0
93 49 18 42 47 0
94 42 29 60 53 0
95 49 31 59 61 0
96 31 59 61 65 0
97 59 61 65 74 0
98 59 49 61 67 0
99 61 59 67 74 0
100 65 59 74 63 0
101 59 49 67 63 0
102 27 31 15 46 0
103 49 42 60 71 0
104 14 25 38 12 0
105 45 48 64 43 0
106 64 45 43 72 0
107 48 64 43 60 0
108 45 48 43 20 0
109 43 45 20 62 0
110 43 64 72 61 0
111 43 64 61 60 0
112 43 45 62 72 0
113 62 43 72 61 0
114 62 43 61 31 0
115 43 61 31 49 0
116 43 61 49 60 0
117 72 62 61 76 0
118 62 61 76 65 0
119 62 61 65 31 0
120 28 45 57 62 0
121 59 30 63 65 0
122 22 24 7 20 0
123 59 67 74 63 0
124 27 15 23 39 0
125 60 48 29 43 0
126 52 35 58 54 0
127 20 25 46 62 0
128 71 66 75 49 0
129 2 11 7 10 0
130 15 17 23 6 0
131 23 15 6 12 0
132 58 51 40 19 0
133 54 39 50 23 0
134 36 53 44 16 0
135 48 29 43 20 0
136 67 74 63 66 0
137 63 67 66 49 0
138 67 66 49 75 0
139 67 66 75 74 0
140 66 63 49 47 0
141 14 7 24 20 0
142 15 6 12 14 0
143 10 15 14 6 0
144 17 21 8 9 0
145 63 47 30 49 0
146 46 62 65 31 0
147 49 61 67 60 0
148 25 46 62 57 0
149 64 72 61 76 0
150 61 64 76 67 0
151 76 61 67 74 0
152 20 10 14 7 0
153 61 76 65 74 0
154 56 26 41 47 0
155 21 18 47 41 0
156 75 67 74 77 0
157 75 67 77 76 0
158 67 74 77 76 0
159 74 63 73 65 0
160 37 55 24 48 0
161 4 8 13 9 0
162 47 21 41 40 0
163 47 21 40 19 0
164 21 40 19 13 0
165 29 18 10 16 0
166 45 62 72 57 0
167 61 64 67 60 0
168 23 8 6 17 0
169 49 67 75 60 0
170 60 42 53 71 0
171 50 54 23 35 0
172 54 23 35 58 0
173 8 6 17 10 0
174 22 48 24 20 0
175 26 16 9 18 0
176 26 16 18 42 0
177 18 26 42 47 0
178 26 16 42 53 0
179 42 26 53 56 0
180 42 26 56 47 0
181 15 27 46 39 0
182 10 20 29 22 0
183 10 14 7 3 0
184 64 45 72 55 0
185 49 66 47 42 0
186 49 66 42 71 0
187 17 8 10 9 0
188 20 10 7 22 0
189 9 26 18 41 0
190 29 42 16 53 0
191 31 20 46 62 0
192 65 27 46 31 0
193 51 47 40 19 0
194 52 73 54 69 0
195 52 73 69 58 0
196 54 52 69 58 0
197 45 72 55 68 0
198 55 45 68 57 0
199 45 72 68 57 0
200 75 67 76 64 0
201 22 37 36 32 0
202 22 37 32 11 0
203 32 22 11 36 0
204 22 37 11 7 0
205 11 22 7 10 0
206 10 18 9 16 0
207 15 25 12 39 0
208 18 21 9 41 0
209 44 29 16 53 0
210 29 22 16 10 0
211 6 8 3 10 0
212 4 8 9 5 0
213 4 8 5 3 0
214 9 4 5 2 0
215 8 13 9 21 0
216 22 36 16 11 0
217 8 9 5 10 0
218 9 5 10 2 0
219 5 8 10 3 0
220 5 10 2 3 0
221 38 25 39 12 0
222 5 4 3 1 0
223 5 4 1 2 0
224 1 5 2 3 0
225 60 49 71 75 0
226 15 23 39 12 0
227 7 2 10 3 0
228 33 40 41 13 0
229 70 71 53 56 0
230 39 12 34 38 0
231 53 42 56 71 0
232 67 75 60 64 0
233 66 42 71 56 0
234 21 41 40 13 0
235 16 22 11 10 0
236 13 9 21 41 0
237 6 3 14 10 0
238 26 41 47 18 0
239 9 10 16 11 0
240 66 47 42 56 0
