%==================================================================
%                        General Data File
% Title: hexa_3d
% Units: SI
% Dimensions: 3D
% Type of problem: Plane_Stress
% Type of Phisics: HYPERELASTIC
% Micro/Macro: MACRO
%
%==================================================================

%% Data

Data_prb = {
'TETRAHEDRA';
'SI';
'3D';
'Plane_Stress';
'HYPERELASTIC';
'MACRO';
};

%% Coordinates
% Node                X                Y                Z

coord = [
1            0            0            1
2            0      0.16667            1
3      0.16667            0            1
4            0            0      0.83333
5      0.11414      0.14616      0.90795
6         0.25      0.15588            1
7         0.25            0      0.84412
8            0      0.15588         0.75
9      0.18326      0.13757      0.79902
10      0.14264      0.27868            1
11      0.14784            0      0.72314
12            0      0.28118      0.85647
13      0.33333            0            1
14            0      0.33333            1
15            0            0      0.66667
16      0.33333      0.11404      0.91167
17      0.23332      0.25181      0.86584
18      0.10124      0.13416      0.65771
19      0.13416       0.3369      0.80149
20            0      0.31287      0.70389
21      0.26041     0.091804      0.66194
22      0.30732      0.32086            1
23      0.41667            0      0.84412
24      0.15588      0.41667            1
25            0      0.15588      0.58333
26      0.41667      0.15588            1
27            0      0.41667      0.84412
28      0.15588            0      0.58333
29       0.3199      0.19444      0.75928
30      0.33333            0      0.68823
31       0.2162      0.24873      0.68309
32      0.38476      0.27567      0.88842
33      0.11159      0.27732      0.60859
34            0          0.5            1
35          0.5            0            1
36            0            0          0.5
37      0.16929      0.40196      0.69679
38      0.19435       0.1462      0.52252
39      0.48336      0.11997      0.76906
40      0.24923      0.46888       0.8238
41      0.35018      0.35574      0.72889
42      0.36005      0.21267      0.61228
43      0.52411      0.20619      0.90287
44          0.5            0      0.68823
45          0.5      0.31177            1
46            0          0.5      0.68823
47      0.40328      0.42838      0.91604
48       0.4389      0.11496      0.60391
49      0.58333      0.15588            1
50            0      0.15588      0.41667
51      0.15588      0.58333            1
52      0.15588            0      0.41667
53            0      0.58333      0.84412
54      0.58333            0      0.84412
55      0.10424      0.40057      0.55047
56            0      0.36761      0.50121
57      0.36761      0.50121            1
58      0.37917            0      0.49936
59      0.51415      0.28092      0.75687
60      0.23532      0.28613      0.48083
61      0.15714      0.56324      0.72575
62      0.39951      0.47482      0.78271
63       0.3254      0.37469      0.56756
64      0.66667            0            1
65            0      0.66667            1
66            0            0      0.33333
67      0.44158      0.16838      0.52882
68       0.2983      0.50016      0.67014
69      0.61379      0.16748      0.78448
70      0.65627      0.13416      0.90019
71      0.24556      0.17014      0.38084
72      0.11079      0.28012      0.37379
73      0.13742     0.088335      0.32083
74      0.13416      0.65627      0.79627
75      0.24875      0.47875      0.54816
76      0.57757      0.19118       0.6347
77      0.61055       0.3369      0.85449
78      0.30049      0.61957        0.783
79      0.37065      0.22449      0.41093
80      0.45192      0.44987      0.64063
81      0.55323     0.062444      0.52343
82      0.71882            0      0.85647
83            0      0.71882      0.85647
84      0.42928      0.58578      0.89931
85            0      0.66667      0.68823
86      0.14784      0.72314            1
87      0.67914      0.30732            1
88            0      0.30732      0.32086
89      0.68713            0      0.70389
90      0.53463      0.34754      0.60807
91      0.18283      0.42378      0.40804
92      0.30633      0.69736            1
93      0.11503      0.55142      0.48621
94      0.32086            0      0.30732
95         0.75      0.15588            1
96            0      0.15588         0.25
97      0.15588            0         0.25
98      0.44858      0.15317      0.37236
99       0.7414      0.13701      0.76335
100      0.26336      0.31024      0.32073
101      0.54103      0.51923      0.73973
102      0.34614      0.42942      0.42535
103      0.62083      0.49936            1
104            0      0.62083      0.49936
105      0.48398      0.30024      0.44027
106      0.23473      0.75487      0.86584
107      0.27239       0.6561      0.62528
108      0.63239            0      0.50121
109      0.66212      0.33822      0.68444
110      0.42211      0.60816       0.6731
111      0.76126      0.24639      0.86584
112      0.61348        0.526      0.87146
113      0.38456      0.71686      0.90259
114       0.3307      0.17655      0.26321
115      0.11159      0.72268      0.60859
116            0      0.83333            1
117      0.83333            0            1
118            0            0      0.16667
119      0.19184      0.20248       0.2132
120      0.67028      0.11934      0.51303
121      0.65651      0.44397      0.72993
122      0.74133      0.17985      0.64209
123       0.2162      0.75127      0.68309
124          0.5            0      0.31177
125            0          0.5      0.31177
126          0.5      0.68823            1
127        0.136      0.38996      0.25421
128       0.3977      0.56586      0.50101
129      0.48298      0.68642      0.82199
130      0.26016      0.56872      0.41114
131      0.67094       0.2869       0.5392
132      0.85324     0.087893        0.889
133      0.11387      0.85594      0.91184
134         0.25      0.84412            1
135      0.84412            0         0.75
136            0      0.84412         0.75
137      0.60413      0.19069      0.38196
138      0.59772      0.38608      0.47356
139      0.13409      0.54505      0.30846
140      0.64529      0.44404      0.57274
141      0.77641      0.37094      0.76061
142      0.54549      0.56669      0.57282
143      0.50762      0.47256      0.43079
144            0      0.27597      0.14535
145      0.85465      0.27597            1
146      0.27868            0      0.14264
147     0.074955      0.12834      0.10935
148      0.18326      0.86243      0.79902
149      0.13034      0.71961      0.46376
150      0.27706      0.72794      0.53246
151       0.3382      0.81514      0.77272
152      0.75518      0.50488      0.88701
153      0.44161      0.39966      0.29497
154      0.30441      0.48225      0.27133
155      0.42179        0.771       0.6951
156      0.86584      0.23874      0.75361
157      0.49409      0.26737      0.25677
158      0.86584      0.10041      0.65801
159      0.51609      0.11468      0.22702
160      0.10124      0.86584      0.65771
161      0.33205      0.25462      0.15782
162            0      0.41667      0.15588
163      0.84412            0      0.58333
164      0.41667            0      0.15588
165      0.41667      0.84412            1
166      0.84412      0.41667            1
167            0      0.84412      0.58333
168      0.56416      0.69052      0.67919
169      0.19851       0.3369      0.13416
170        0.807      0.11519      0.50981
171      0.66667      0.68823            1
172      0.33333      0.89608      0.86584
173      0.43541      0.55788      0.34237
174      0.64694      0.69712      0.82098
175      0.80837      0.35225      0.60119
176      0.77646      0.51451      0.73532
177      0.69268            0      0.32086
