%==================================================================
%                        General Data File
% Title: densee
% Units: SI
% Dimensions: 3D
% Type of problem: Plane_Stress
% Type of Phisics: HYPERELASTIC
% Micro/Macro: MACRO
%
%==================================================================

%% Data

Data_prb = {
'TETRAHEDRA';
'SI';
'3D';
'Plane_Stress';
'HYPERELASTIC';
'MACRO';
};

%% Coordinates
% Node                X                Y                Z

coord = [
1            0            1            1
2      0.14286            1            1
3            0            1      0.85714
4            0      0.85714            1
5      0.15158      0.88862      0.91476
6            0      0.78571       0.8701
7      0.21429            1       0.8701
8      0.21429       0.8701            1
9            0      0.87967      0.76107
10      0.12033            1      0.76107
11       0.1208      0.75973            1
12      0.28571            1            1
13            0            1      0.71429
14            0      0.71429            1
15      0.19136      0.90659      0.78767
16      0.17313      0.78815      0.85393
17     0.083568      0.70563       0.8882
18      0.28631      0.88074      0.88288
19      0.34918      0.85765            1
20      0.25745            1      0.72097
21            0      0.74255      0.72097
22            0      0.64286       0.8701
23      0.35714            1       0.8701
24            0       0.8701      0.64286
25       0.1299      0.64286            1
26       0.1299            1      0.64286
27      0.15336      0.79463      0.71859
28      0.25981      0.71429            1
29       0.1637      0.67492      0.83593
30      0.32314      0.93352      0.76201
31      0.28003      0.80378      0.76979
32      0.27121      0.72869      0.83503
33      0.42857            1            1
34            0            1      0.57143
35            0      0.57143            1
36      0.24336      0.88185      0.66344
37       0.2096      0.70322      0.75299
38     0.093401      0.66013      0.73344
39       0.1118       0.9134      0.57143
40     0.082695       0.5605      0.82453
41       0.3993      0.76463      0.85613
42      0.43662      0.89641      0.81158
43     0.077646      0.78027      0.57143
44      0.28537      0.64039      0.81941
45       0.4152            1      0.71981
46            0       0.5848      0.71981
47      0.26624      0.71472      0.68205
48      0.16196      0.72833      0.60728
49      0.25745      0.56474            1
50       0.3545      0.63766      0.95378
51      0.29688            1      0.58585
52            0      0.70312      0.58585
53      0.40668      0.69141            1
54      0.20512      0.54902      0.87039
55          0.5       0.8701            1
56       0.1299            1          0.5
57       0.1299          0.5            1
58          0.5            1       0.8701
59            0       0.8701          0.5
60            0          0.5       0.8701
61        0.373      0.83951      0.67583
62     0.093895       0.6103      0.64952
63      0.40221      0.66821      0.88611
64      0.19829       0.5867      0.72183
65      0.37495      0.71363      0.72966
66      0.18864      0.79525      0.51979
67      0.21585      0.62541      0.64523
68      0.30759      0.84131      0.55077
69      0.33566      0.54922      0.89702
70      0.57143            1            1
71            0            1      0.42857
72            0      0.42857            1
73     0.075049      0.49626      0.72959
74      0.50181      0.70855      0.93083
75       0.1118       0.9134      0.42857
76      0.52174      0.78919      0.82654
77      0.16963      0.46003      0.80959
78      0.31592      0.60032      0.68569
79      0.50844      0.89669      0.69384
80      0.41084      0.89672      0.56994
81      0.38596      0.53207            1
82       0.4914      0.68596      0.79618
83      0.12006      0.39573      0.90824
84       0.4919      0.77324      0.69067
85      0.59694      0.86575      0.86589
86      0.40158      0.73159      0.59655
87      0.29216      0.49715      0.75309
88      0.25745            1      0.42188
89            0      0.74255      0.42188
90      0.22491      0.66367      0.50874
91      0.40941       0.5567      0.79535
92      0.38851            1      0.49461
93            0      0.61149      0.49461
94      0.32015      0.76179      0.50149
95      0.48639            1      0.58044
96            0      0.51361      0.58044
97      0.25011       0.4142      0.89638
98       0.5848      0.71981            1
99      0.64286            1       0.8701
100       0.1299      0.35714            1
101            0      0.35714       0.8701
102            0       0.8701      0.35714
103       0.1299            1      0.35714
104      0.64286       0.8701            1
105      0.29707      0.41223            1
106        0.232      0.89457      0.39221
107       0.4951      0.58034      0.88324
108      0.51361      0.58044            1
109      0.14966      0.48501      0.60604
110      0.59332            1      0.69141
111            0      0.40668      0.69141
112      0.12043      0.81979      0.36557
113       0.3503      0.63561      0.55859
114      0.22552      0.45009       0.6862
115     0.065741      0.36655      0.77082
116      0.51593      0.80585      0.60119
117      0.47262      0.63945      0.66876
118     0.098743       0.6721      0.41124
119      0.23054      0.74567      0.39922
120      0.40598      0.44798      0.89968
121      0.60832       0.7168      0.80296
122      0.61075       0.8275      0.69158
123      0.44666      0.77073       0.5029
124      0.39331       0.9307      0.41608
125     0.090518      0.30379      0.90497
126      0.66721      0.76325      0.92678
127      0.71429            1            1
128            0            1      0.28571
129            0      0.28571            1
130       0.6721       0.9306      0.75732
131      0.70751      0.91515       0.8882
132      0.27527      0.45746      0.61139
133      0.07717       0.6039      0.39972
134      0.61393      0.62383      0.92052
135      0.58393        0.702      0.69164
136      0.49242       0.8918      0.47961
137      0.28758      0.39152      0.73011
138      0.59169      0.91056      0.58919
139      0.39673      0.54172      0.59851
140      0.13362      0.50461      0.48386
141      0.26407      0.56872      0.47631
142      0.18884      0.32497      0.79773
143      0.15087      0.92772        0.287
144      0.16835      0.36475      0.66832
145       0.5479      0.56735      0.75756
146       0.4701      0.42898            1
147      0.67987      0.80605       0.7825
148       0.3656      0.83084      0.37015
149      0.32843      0.65217      0.41985
150      0.14961      0.61146      0.37277
151      0.40684      0.39251      0.79738
152     0.099309      0.35254      0.61174
153      0.49074      0.44264      0.81836
154       0.1208      0.24027            1
155      0.39376      0.43398      0.65479
156      0.61404            1      0.53207
157            0      0.38596      0.53207
158      0.53725      0.68533      0.54063
159       0.3594      0.31599      0.94206
160      0.76491            1      0.87402
161            0      0.23509      0.87402
162      0.76539      0.87536            1
163      0.14868      0.70437      0.29752
164      0.22802      0.81475      0.28102
165      0.23066      0.26354      0.89865
166       0.5299            1      0.42898
167            0       0.4701      0.42898
168      0.73939      0.74661            1
169      0.44771      0.61174      0.48653
170      0.25378            1      0.25677
171            0      0.74622      0.25677
172      0.59408      0.50815      0.84649
173      0.25685      0.25448            1
174      0.74731            1      0.73814
175            0      0.25269      0.73814
176      0.61149      0.49461            1
177       0.1299            1      0.21429
