%==================================================================
%                        General Data File
% Title: hexa_3d
% Units: SI
% Dimensions: 3D
% Type of problem: Plane_Stress
% Type of Phisics: HYPERELASTIC
% Micro/Macro: MACRO
%
%==================================================================

%% Data

Data_prb = {
'TETRAHEDRA';
'SI';
'3D';
'Plane_Stress';
'HYPERELASTIC';
'MACRO';
};

%% Coordinates
% Node                X                Y                Z

coord = [
1            0            0            1
2            0            0         0.75
3            0         0.25            1
4         0.25            0            1
5       0.1555        0.189       0.8445
6      0.23167            0      0.65297
7      0.21651        0.375            1
8        0.375      0.21651            1
9            0        0.375      0.78349
10            0       0.2183       0.5951
11       0.4183            0       0.7951
12          0.5            0            1
13            0          0.5            1
14            0            0          0.5
15      0.28542       0.3139      0.68996
16      0.14598      0.17104      0.52036
17      0.28983     0.041758      0.51674
18      0.18417       0.5107      0.74559
19      0.12614      0.40297      0.55296
20       0.2183       0.5951            1
21      0.58502      0.13884       0.7738
22      0.44846      0.20203      0.57973
23        0.625      0.21651            1
24      0.21651            0        0.375
25            0        0.625      0.78349
26      0.31052      0.30259      0.46343
27      0.42355      0.51307      0.79238
28       0.6592            0      0.77298
29            0        0.232      0.34241
30          0.5      0.49252            1
31      0.50519            0      0.49771
32            0      0.50541      0.49256
33      0.55305      0.37287      0.72194
34      0.33045      0.50304      0.57065
35            0         0.75            1
36         0.75            0            1
37            0            0         0.25
38     0.098468      0.36964      0.33364
39      0.42615      0.11609      0.35071
40      0.63224      0.50297      0.87006
41      0.73278      0.30959      0.80608
42      0.66665       0.2546      0.59488
43       0.2431       0.1934      0.23682
44      0.17752      0.66914      0.54151
45      0.17385        0.806      0.89999
46      0.49346      0.42643       0.4842
47      0.12825      0.78432      0.73588
48      0.35292      0.72417      0.71774
49      0.80326      0.11413      0.71183
50        0.375            0      0.21651
51        0.375      0.78349            1
52      0.51697      0.68748      0.83958
53            0       0.7817       0.5951
54       0.7817            0       0.5951
55      0.78134      0.41083            1
56            0       0.4183      0.21681
57      0.27571      0.57055      0.36068
58      0.54806      0.59899       0.6111
59      0.59488       0.2546      0.33335
60      0.32034      0.86773      0.82851
61      0.43136      0.30916      0.21903
62      0.39679      0.70372      0.49856
63      0.74068      0.47638      0.62968
64      0.73823       0.3546      0.48005
65      0.58274            0      0.21784
66       0.2968      0.38983      0.15611
67       0.7738      0.13884      0.41498
68       0.7817       0.5951            1
69            0            0            0
70            0            1            1
71            1            0            1
72            0      0.78349        0.375
73            0        0.625      0.21651
74        0.625      0.78349            1
75      0.15839      0.84433      0.47278
76      0.85435      0.50197      0.81366
77      0.76994            0      0.34344
78      0.50201      0.82265      0.65712
79      0.28063       0.8834      0.55348
80      0.73409      0.69529      0.80506
81         0.25            1            1
82            0            1         0.75
83            0         0.25            0
84            1         0.25            1
85            1            0         0.75
86         0.25            0            0
87      0.88872      0.38588      0.63822
88      0.70152      0.57878      0.50161
89      0.54848      0.16519      0.11856
90      0.17624      0.62321      0.15587
91      0.65256      0.47353      0.30509
92      0.50597      0.65205      0.30488
93      0.71183      0.11413      0.19674
94      0.22702       0.3408            0
95      0.23167            1      0.65297
96            1        0.375      0.78349
97            1      0.21651        0.625
98      0.62231       0.7349       0.4829
99       0.4049       0.2183            0
100       0.4183            1       0.7951
101      0.88651       0.5651      0.63303
102      0.40852      0.61035      0.16099
103            1          0.5            1
104            1            0          0.5
105            0          0.5            0
106          0.5            1            1
107          0.5            0            0
108            0            1          0.5
109      0.29176      0.79393      0.26435
110      0.80608      0.30959      0.26722
111     0.093232      0.71319      0.10096
112      0.64476      0.35228      0.11189
113      0.77408      0.76416      0.60597
114       0.2049       0.5817            0
115       0.4801      0.87037      0.36672
116            1       0.5951       0.7817
117            1      0.21651        0.375
118      0.21651            1        0.375
119      0.65656      0.23006            0
120       0.6592            1      0.77298
121      0.88955      0.54505      0.36885
122      0.60116      0.57623      0.10782
123            1      0.49252          0.5
124      0.50229      0.49481            0
125      0.50519            1      0.49771
126      0.85864      0.69408      0.45276
127            0         0.75            0
128            1         0.75            1
129            1            0         0.25
130         0.75            0            0
131         0.75            1            1
132            0            1         0.25
133      0.81617      0.92394      0.73566
134      0.15595      0.89855      0.12575
135      0.88291      0.20926       0.1125
136      0.48591      0.81366      0.14478
137      0.81366      0.50197      0.14565
138      0.80506      0.69529      0.26591
139      0.34703      0.76833            0
140        0.375            1      0.21651
141            1      0.78349        0.625
142       0.7817            1       0.5951
143      0.67071      0.85637      0.22859
144            1      0.41083      0.21866
145      0.78216      0.41726            0
146      0.58274            1      0.21784
147            1       0.5951       0.2183
148            0            1            0
149            1            0            0
150            1            1            1
151        0.625      0.78349            0
152            1      0.78349        0.375
153      0.78349        0.625            0
154      0.76994            1      0.34344
155            1            1         0.75
156            1         0.25            0
157         0.25            1            0
158      0.79449      0.86556      0.11789
159            1          0.5            0
160            1            1          0.5
161          0.5            1            0
162         0.75            1            0
163            1            1         0.25
164            1         0.75            0
165            1            1            0
];

%% Conectivities
% Element        Node(1)                Node(2)                Node(3)                Node(4)                Material

