%% Data
Data_prb = {
'TRIANGLE';
'SI';
'2D';
'Plane_Stress';
'ELASTIC';
'MACRO';
};
%% Coordinates
% Node
gidcoord = [
1 0.000000 0.000000 0.000000;
2 0.000000 0.052632 0.000000;
3 0.000000 0.105263 0.000000;
4 0.000000 0.157895 0.000000;
5 0.000000 0.210526 0.000000;
6 0.000000 0.263158 0.000000;
7 0.000000 0.315789 0.000000;
8 0.000000 0.368421 0.000000;
9 0.000000 0.421053 0.000000;
10 0.000000 0.473684 0.000000;
11 0.000000 0.526316 0.000000;
12 0.000000 0.578947 0.000000;
13 0.000000 0.631579 0.000000;
14 0.000000 0.684211 0.000000;
15 0.000000 0.736842 0.000000;
16 0.000000 0.789474 0.000000;
17 0.000000 0.842105 0.000000;
18 0.000000 0.894737 0.000000;
19 0.000000 0.947368 0.000000;
20 0.000000 1.000000 0.000000;
21 0.105263 0.000000 0.000000;
22 0.105263 0.052632 0.000000;
23 0.105263 0.105263 0.000000;
24 0.105263 0.157895 0.000000;
25 0.105263 0.210526 0.000000;
26 0.105263 0.263158 0.000000;
27 0.105263 0.315789 0.000000;
28 0.105263 0.368421 0.000000;
29 0.105263 0.421053 0.000000;
30 0.105263 0.473684 0.000000;
31 0.105263 0.526316 0.000000;
32 0.105263 0.578947 0.000000;
33 0.105263 0.631579 0.000000;
34 0.105263 0.684211 0.000000;
35 0.105263 0.736842 0.000000;
36 0.105263 0.789474 0.000000;
37 0.105263 0.842105 0.000000;
38 0.105263 0.894737 0.000000;
39 0.105263 0.947368 0.000000;
40 0.105263 1.000000 0.000000;
41 0.210526 0.000000 0.000000;
42 0.210526 0.052632 0.000000;
43 0.210526 0.105263 0.000000;
44 0.210526 0.157895 0.000000;
45 0.210526 0.210526 0.000000;
46 0.210526 0.263158 0.000000;
47 0.210526 0.315789 0.000000;
48 0.210526 0.368421 0.000000;
49 0.210526 0.421053 0.000000;
50 0.210526 0.473684 0.000000;
51 0.210526 0.526316 0.000000;
52 0.210526 0.578947 0.000000;
53 0.210526 0.631579 0.000000;
54 0.210526 0.684211 0.000000;
55 0.210526 0.736842 0.000000;
56 0.210526 0.789474 0.000000;
57 0.210526 0.842105 0.000000;
58 0.210526 0.894737 0.000000;
59 0.210526 0.947368 0.000000;
60 0.210526 1.000000 0.000000;
61 0.315789 0.000000 0.000000;
62 0.315789 0.052632 0.000000;
63 0.315789 0.105263 0.000000;
64 0.315789 0.157895 0.000000;
65 0.315789 0.210526 0.000000;
66 0.315789 0.263158 0.000000;
67 0.315789 0.315789 0.000000;
68 0.315789 0.368421 0.000000;
69 0.315789 0.421053 0.000000;
70 0.315789 0.473684 0.000000;
71 0.315789 0.526316 0.000000;
72 0.315789 0.578947 0.000000;
73 0.315789 0.631579 0.000000;
74 0.315789 0.684211 0.000000;
75 0.315789 0.736842 0.000000;
76 0.315789 0.789474 0.000000;
77 0.315789 0.842105 0.000000;
78 0.315789 0.894737 0.000000;
79 0.315789 0.947368 0.000000;
80 0.315789 1.000000 0.000000;
81 0.421053 0.000000 0.000000;
82 0.421053 0.052632 0.000000;
83 0.421053 0.105263 0.000000;
84 0.421053 0.157895 0.000000;
85 0.421053 0.210526 0.000000;
86 0.421053 0.263158 0.000000;
87 0.421053 0.315789 0.000000;
88 0.421053 0.368421 0.000000;
89 0.421053 0.421053 0.000000;
90 0.421053 0.473684 0.000000;
91 0.421053 0.526316 0.000000;
92 0.421053 0.578947 0.000000;
93 0.421053 0.631579 0.000000;
94 0.421053 0.684211 0.000000;
95 0.421053 0.736842 0.000000;
96 0.421053 0.789474 0.000000;
97 0.421053 0.842105 0.000000;
98 0.421053 0.894737 0.000000;
99 0.421053 0.947368 0.000000;
100 0.421053 1.000000 0.000000;
101 0.526316 0.000000 0.000000;
102 0.526316 0.052632 0.000000;
103 0.526316 0.105263 0.000000;
104 0.526316 0.157895 0.000000;
105 0.526316 0.210526 0.000000;
106 0.526316 0.263158 0.000000;
107 0.526316 0.315789 0.000000;
108 0.526316 0.368421 0.000000;
109 0.526316 0.421053 0.000000;
110 0.526316 0.473684 0.000000;
111 0.526316 0.526316 0.000000;
112 0.526316 0.578947 0.000000;
113 0.526316 0.631579 0.000000;
114 0.526316 0.684211 0.000000;
115 0.526316 0.736842 0.000000;
116 0.526316 0.789474 0.000000;
117 0.526316 0.842105 0.000000;
118 0.526316 0.894737 0.000000;
119 0.526316 0.947368 0.000000;
120 0.526316 1.000000 0.000000;
121 0.631579 0.000000 0.000000;
122 0.631579 0.052632 0.000000;
123 0.631579 0.105263 0.000000;
124 0.631579 0.157895 0.000000;
125 0.631579 0.210526 0.000000;
126 0.631579 0.263158 0.000000;
127 0.631579 0.315789 0.000000;
128 0.631579 0.368421 0.000000;
129 0.631579 0.421053 0.000000;
130 0.631579 0.473684 0.000000;
131 0.631579 0.526316 0.000000;
132 0.631579 0.578947 0.000000;
133 0.631579 0.631579 0.000000;
134 0.631579 0.684211 0.000000;
135 0.631579 0.736842 0.000000;
136 0.631579 0.789474 0.000000;
137 0.631579 0.842105 0.000000;
138 0.631579 0.894737 0.000000;
139 0.631579 0.947368 0.000000;
140 0.631579 1.000000 0.000000;
141 0.736842 0.000000 0.000000;
142 0.736842 0.052632 0.000000;
143 0.736842 0.105263 0.000000;
144 0.736842 0.157895 0.000000;
145 0.736842 0.210526 0.000000;
146 0.736842 0.263158 0.000000;
147 0.736842 0.315789 0.000000;
148 0.736842 0.368421 0.000000;
149 0.736842 0.421053 0.000000;
150 0.736842 0.473684 0.000000;
151 0.736842 0.526316 0.000000;
152 0.736842 0.578947 0.000000;
153 0.736842 0.631579 0.000000;
154 0.736842 0.684211 0.000000;
155 0.736842 0.736842 0.000000;
156 0.736842 0.789474 0.000000;
157 0.736842 0.842105 0.000000;
158 0.736842 0.894737 0.000000;
159 0.736842 0.947368 0.000000;
160 0.736842 1.000000 0.000000;
161 0.842105 0.000000 0.000000;
162 0.842105 0.052632 0.000000;
163 0.842105 0.105263 0.000000;
164 0.842105 0.157895 0.000000;
165 0.842105 0.210526 0.000000;
166 0.842105 0.263158 0.000000;
167 0.842105 0.315789 0.000000;
168 0.842105 0.368421 0.000000;
169 0.842105 0.421053 0.000000;
170 0.842105 0.473684 0.000000;
171 0.842105 0.526316 0.000000;
172 0.842105 0.578947 0.000000;
173 0.842105 0.631579 0.000000;
174 0.842105 0.684211 0.000000;
175 0.842105 0.736842 0.000000;
176 0.842105 0.789474 0.000000;
177 0.842105 0.842105 0.000000;
178 0.842105 0.894737 0.000000;
179 0.842105 0.947368 0.000000;
180 0.842105 1.000000 0.000000;
181 0.947368 0.000000 0.000000;
182 0.947368 0.052632 0.000000;
183 0.947368 0.105263 0.000000;
184 0.947368 0.157895 0.000000;
185 0.947368 0.210526 0.000000;
186 0.947368 0.263158 0.000000;
187 0.947368 0.315789 0.000000;
188 0.947368 0.368421 0.000000;
189 0.947368 0.421053 0.000000;
190 0.947368 0.473684 0.000000;
191 0.947368 0.526316 0.000000;
192 0.947368 0.578947 0.000000;
193 0.947368 0.631579 0.000000;
194 0.947368 0.684211 0.000000;
195 0.947368 0.736842 0.000000;
196 0.947368 0.789474 0.000000;
197 0.947368 0.842105 0.000000;
198 0.947368 0.894737 0.000000;
199 0.947368 0.947368 0.000000;
200 0.947368 1.000000 0.000000;
201 1.052632 0.000000 0.000000;
202 1.052632 0.052632 0.000000;
203 1.052632 0.105263 0.000000;
204 1.052632 0.157895 0.000000;
205 1.052632 0.210526 0.000000;
206 1.052632 0.263158 0.000000;
207 1.052632 0.315789 0.000000;
208 1.052632 0.368421 0.000000;
209 1.052632 0.421053 0.000000;
210 1.052632 0.473684 0.000000;
211 1.052632 0.526316 0.000000;
212 1.052632 0.578947 0.000000;
213 1.052632 0.631579 0.000000;
214 1.052632 0.684211 0.000000;
215 1.052632 0.736842 0.000000;
216 1.052632 0.789474 0.000000;
217 1.052632 0.842105 0.000000;
218 1.052632 0.894737 0.000000;
219 1.052632 0.947368 0.000000;
220 1.052632 1.000000 0.000000;
221 1.157895 0.000000 0.000000;
222 1.157895 0.052632 0.000000;
223 1.157895 0.105263 0.000000;
224 1.157895 0.157895 0.000000;
225 1.157895 0.210526 0.000000;
226 1.157895 0.263158 0.000000;
227 1.157895 0.315789 0.000000;
228 1.157895 0.368421 0.000000;
229 1.157895 0.421053 0.000000;
230 1.157895 0.473684 0.000000;
231 1.157895 0.526316 0.000000;
232 1.157895 0.578947 0.000000;
233 1.157895 0.631579 0.000000;
234 1.157895 0.684211 0.000000;
235 1.157895 0.736842 0.000000;
236 1.157895 0.789474 0.000000;
237 1.157895 0.842105 0.000000;
238 1.157895 0.894737 0.000000;
239 1.157895 0.947368 0.000000;
240 1.157895 1.000000 0.000000;
241 1.263158 0.000000 0.000000;
242 1.263158 0.052632 0.000000;
243 1.263158 0.105263 0.000000;
244 1.263158 0.157895 0.000000;
245 1.263158 0.210526 0.000000;
246 1.263158 0.263158 0.000000;
247 1.263158 0.315789 0.000000;
248 1.263158 0.368421 0.000000;
249 1.263158 0.421053 0.000000;
