%==================================================================
%                        General Data File
% Title: HEXAHEDRA
% Units: SI
% Dimensions: 3D
% Type of problem: Plane_Stress
% Type of Phisics: ELASTIC
% Micro/Macro: MACRO
%
%==================================================================

%% Data

Data_prb = {
'TETRAHEDRA';
'SI';
'3D';
'Plane_Stress';
'ELASTIC';
'MACRO';
};

%% Coordinates
% Node                X                Y                Z

gidcoord = [
1            0            2            2
2            0         1.75            2
3            0            2         1.75
4         0.25            2            2
5         0.25         1.75            2
6         0.25            2         1.75
7            0         1.75         1.75
8            0          1.5            2
9            0            2          1.5
10          0.5            2            2
11          0.5         1.75            2
12            0         1.75          1.5
13         0.25            2          1.5
14            0          1.5         1.75
15         0.25          1.5            2
16          0.5            2         1.75
17      0.33333       1.7457       1.5833
18      0.41667       1.5833       1.7457
19          0.5            2          1.5
20            0          1.5          1.5
21          0.5          1.5            2
22      0.25431       1.4167       1.6667
23            0         1.25            2
24            0            2         1.25
25         0.75            2            2
26      0.57083       1.7838       1.5333
27         0.25         1.25            2
28         0.25            2         1.25
29            0         1.75         1.25
30         0.75         1.75            2
31         0.75            2         1.75
32            0         1.25         1.75
33      0.66667       1.5833       1.7457
34      0.31616       1.4042        1.466
35          0.5         1.25            2
36            0         1.25          1.5
37         0.75          1.5            2
38          0.5            2         1.25
39         0.75            2          1.5
40            0          1.5         1.25
41      0.25431       1.1667       1.6667
42      0.25431       1.6667       1.1667
43      0.80125       1.6788       1.6146
44      0.66667       1.3333       1.7457
45            0            1            2
46            1            2            2
47            0            2            1
48            1            2         1.75
49            1         1.75            2
50            0            1         1.75
51            0         1.75            1
52         0.25            2            1
53         0.25            1            2
54      0.25431       1.4167       1.1667
55         0.75         1.25            2
56         0.75            2         1.25
57            0         1.25         1.25
58      0.95417       1.5458       1.7457
59      0.83333       1.7457       1.3333
60      0.58333       1.7457       1.0833
61            0          1.5            1
62            1            2          1.5
63            0            1          1.5
64          0.5            2            1
65          0.5            1            2
66            1          1.5            2
67      0.25431      0.91667       1.6667
68      0.66667       1.0833       1.7457
69       1.0833       1.7457       1.5833
70      0.41667       1.7457      0.91667
71      0.25431       1.1667       1.1667
72            1         1.25            2
73            1            2         1.25
74         0.75            1            2
75            0         1.25            1
76         1.25            2            2
77            0         0.75            2
78            0            2         0.75
79         0.75            2            1
80            0            1         1.25
81      0.25431       1.4167      0.91667
82      0.25431      0.91667       1.4167
83      0.68895       1.3333       1.1827
84      0.83333       1.7457       1.0833
85       1.1667       1.5833       1.7457
86            0         0.75         1.75
87         0.25         0.75            2
88         1.25            2         1.75
89         1.25         1.75            2
90            0         1.75         0.75
91         0.25            2         0.75
92      0.91667       1.0833       1.7457
93          0.5         0.75            2
94            0          1.5         0.75
95            0         0.75          1.5
96          0.5            2         0.75
97         1.25            2          1.5
98         1.25          1.5            2
99      0.66667      0.83333       1.7457
100       1.1667       1.3333       1.7457
101      0.25431      0.70417       1.6292
102      0.25431      0.91667       1.1667
103      0.53567        1.475       0.8149
104            0            1            1
105            1            2            1
106            1            1            2
107       1.3333       1.7457       1.5833
108       1.0833       1.7457       1.0833
109      0.26354       1.6683      0.60757
110      0.83333       1.7457      0.83333
111         0.75         0.75            2
112            0         0.75         1.25
113            0         1.25         0.75
114         0.75            2         0.75
115         1.25         1.25            2
116         1.25            2         1.25
117       0.2557       1.4544       0.6578
118       1.4167       1.5833       1.7457
119            0          0.5            2
120            0            2          0.5
121          1.5            2            2
122       1.1667       1.0833       1.7457
123       1.3333       1.7457       1.3333
124          1.5         1.75            2
125         0.25            2          0.5
126          1.5            2         1.75
127            0         1.75          0.5
128         0.25          0.5            2
129            0          0.5         1.75
130      0.25431      0.91667      0.91667
131      0.58333       1.7457      0.58333
132      0.60591      0.58847       1.6575
133      0.69033       0.8684       1.1479
134            0          1.5          0.5
135          1.5            2          1.5
136            0          0.5          1.5
137          0.5          0.5            2
138          0.5            2          0.5
139          1.5          1.5            2
140      0.27788       1.1858      0.66029
141            1         0.75            2
142            1            2         0.75
143            0         0.75            1
144            0            1         0.75
145         1.25            1            2
146         1.25            2            1
147      0.57396       1.2999      0.64726
148      0.25431      0.41667       1.6667
149       1.3333       1.7457       1.0833
150      0.11276       1.9149      0.36741
151      0.26163      0.61754       1.1579
152      0.11214       1.7239      0.37641
153       1.5833       1.7457       1.5833
154      0.83333       1.7457      0.58333
155       1.1667      0.83333       1.7457
156         0.75          0.5            2
157          1.5         1.25            2
158            0          0.5         1.25
159          1.5            2         1.25
160            0         1.25          0.5
161         0.75            2          0.5
162      0.21616       1.4292      0.42917
163      0.25431      0.43104       1.4273
164      0.42603       1.5424      0.41928
165       1.4167       1.0833       1.7457
166      0.91667      0.58333       1.7457
167       1.6667       1.5833       1.7457
168      0.25431      0.91667      0.66667
169         1.75            2            2
170            0         0.25            2
171            0            2         0.25
172            0         0.75         0.75
173         0.25            2         0.25
174            0         1.75         0.25
175         0.25         0.25            2
176         1.25         0.75            2
177            0         0.25         1.75
