%==================================================================
%                        General Data File
% Title: Default_title
% Units: SI
% Dimensions: 2D
% Type of problem: Plane_Stress
% Type of Phisics: ELASTIC
% Micro/Macro: MACRO
%
%==================================================================

%% Data

Data_prb = {
'Default_title';
'SI';
'2D';
'Plane_Stress';
'ELASTIC';
'MACRO';
};

%% Coordinates
% Node                X                Y                Z

coord = [
1            0            0            0
2         0.05            0            0
3            0         0.05            0
4         0.05     0.047372            0
5            0          0.1            0
6          0.1            0            0
7          0.1     0.047372            0
8        0.075     0.090673            0
9         0.05      0.13397            0
10            0         0.15            0
11         0.15            0            0
12        0.125     0.090673            0
13         0.15     0.047372            0
14          0.1      0.13397            0
15        0.075      0.17728            0
16        0.175     0.090673            0
17            0          0.2            0
18          0.2            0            0
19         0.15      0.13397            0
20          0.2     0.047372            0
21        0.125      0.17728            0
22         0.05      0.22058            0
23          0.2      0.13397            0
24          0.1      0.22058            0
25        0.225     0.090673            0
26        0.175      0.17728            0
27            0         0.25            0
28         0.25            0            0
29         0.25     0.047372            0
30         0.15      0.22058            0
31     0.070833      0.26157            0
32         0.25      0.13397            0
33        0.225      0.17728            0
34        0.275     0.090673            0
35        0.125      0.26388            0
36          0.2      0.22058            0
37            0          0.3            0
38          0.3            0            0
39          0.3     0.047372            0
40         0.05      0.30718            0
41        0.175      0.26388            0
42          0.1      0.30718            0
43        0.275      0.17728            0
44          0.3      0.13397            0
45         0.25      0.22058            0
46        0.325     0.090673            0
47         0.15      0.30718            0
48        0.225      0.26388            0
49            0         0.35            0
50         0.35            0            0
51         0.35     0.047372            0
52        0.075      0.35048            0
53          0.2      0.30718            0
54        0.325      0.17728            0
55        0.125      0.35048            0
56         0.35      0.13397            0
57        0.375     0.090673            0
58        0.175      0.35048            0
59      0.27282      0.28404            0
60         0.05      0.39378            0
61            0          0.4            0
62          0.4            0            0
63      0.32094      0.24273            0
64          0.4     0.047372            0
65          0.1      0.39378            0
66      0.24082      0.33724            0
67         0.15      0.39378            0
68          0.4      0.13397            0
69      0.37639      0.21195            0
70       0.2906      0.32023            0
71        0.425     0.090673            0
72      0.33107      0.28176            0
73      0.31009      0.30482            0
74      0.21395      0.38564            0
75      0.27469      0.34705            0
76      0.35402      0.26579            0
77     0.070833      0.43924            0
78       0.2587      0.36607            0
79            0         0.45            0
80         0.45            0            0
81         0.45     0.047372            0
82        0.125      0.43708            0
83       0.3188      0.32776            0
84      0.33716      0.31031            0
85      0.38259      0.25503            0
86      0.30231      0.34697            0
87      0.24639      0.39117            0
88      0.35718      0.29481            0
89      0.28784      0.36776            0
90         0.45      0.13397            0
91      0.43062      0.18802            0
92      0.40245      0.24575            0
93      0.37867      0.28141            0
94      0.27555       0.3899            0
95      0.23668      0.41738            0
96      0.04631      0.47874            0
97      0.19019      0.44326            0
98        0.475     0.090673            0
99      0.40141      0.27026            0
100      0.43082      0.23283            0
101          0.1      0.48038            0
102      0.26556      0.41317            0
103      0.42516      0.26147            0
104            0          0.5            0
105          0.5            0            0
106          0.5     0.047372            0
107         0.15      0.48038            0
108      0.46829      0.18816            0
109      0.23263       0.4483            0
110      0.25798      0.43734            0
111      0.45821       0.2272            0
112      0.44968      0.25512            0
113          0.5      0.13397            0
114      0.22544      0.47208            0
115      0.25288      0.46214            0
116     0.060714      0.52406            0
117        0.525     0.090673            0
118      0.48602      0.22437            0
119      0.47471      0.25128            0
120        0.125      0.52369            0
121      0.18879      0.51054            0
122      0.25032      0.48734            0
123            0         0.55            0
124         0.55            0            0
125         0.55     0.047372            0
126      0.22769      0.50318            0
127          0.5         0.25            0
128      0.51398      0.22437            0
129      0.52742      0.19612            0
130         0.55      0.13397            0
131         0.05      0.56699            0
132      0.25032      0.51266            0
133      0.22544      0.52792            0
134          0.1      0.56699            0
135        0.575     0.090673            0
136      0.52529      0.25128            0
137       0.5381      0.23035            0
138         0.15      0.56699            0
139      0.25288      0.53786            0
140      0.21657      0.55754            0
141            0          0.6            0
142          0.6            0            0
143          0.6     0.047372            0
144      0.55032      0.25512            0
145     0.083968      0.60611            0
146      0.56918      0.23283            0
147      0.25798      0.56266            0
148        0.125      0.61029            0
149      0.59383      0.20093            0
150      0.23668      0.58262            0
151      0.57484      0.26147            0
152     0.044841       0.6327            0
153        0.625       0.1299            0
154      0.20606      0.60886            0
155      0.59585       0.2412            0
156      0.26556      0.58683            0
157            0         0.65            0
158         0.65            0            0
159         0.65     0.086603            0
160      0.59859      0.27026            0
161      0.24639      0.60883            0
162      0.10063      0.64941            0
163      0.27555       0.6101            0
164         0.15      0.65359            0
165         0.65      0.17321            0
166      0.62277      0.25692            0
167        0.675     0.043301            0
168     0.030422      0.67855            0
169      0.62133      0.28141            0
170        0.675       0.1299            0
171      0.26345      0.63493            0
172      0.65212      0.22594            0
173      0.28784      0.63224            0
174      0.64598      0.26579            0
175            0          0.7            0
176          0.7            0            0
177        0.075      0.69689            0
