%==================================================================
%                        General Data File
% Title: Default_title
% Units: SI
% Dimensions: 2D
% Type of problem: Plane_Stress
% Type of Phisics: ELASTIC
% Micro/Macro: MACRO
%
%==================================================================

%% Data

Data_prb = {
'Default_title';
'SI';
'2D';
'Plane_Stress';
'ELASTIC';
'MACRO';
};

%% Coordinates
% Node                X                Y                Z

gidcoord = [
1            0         0.45            0
2            0         0.46            0
3     0.010385        0.455            0
4    0.0084235      0.44158            0
5     0.010385        0.465            0
6            0         0.47            0
7     0.024182      0.44613            0
8     0.010385        0.475            0
9     0.019342      0.43066            0
10     0.025808      0.46516            0
11            0         0.48            0
12    0.0092182        0.486            0
13            0         0.49            0
14     0.040116      0.43265            0
15    0.0089848       0.4942            0
16     0.032941      0.41706            0
17      0.02532         0.49            0
18            0          0.5            0
19         0.05         0.45            0
20         0.05        0.475            0
21     0.010385        0.505            0
22            0         0.51            0
23     0.010385        0.515            0
24     0.025971      0.51429            0
25            0         0.52            0
26     0.067767      0.43223            0
27       0.0498       0.4002            0
28         0.05          0.5            0
29     0.010385        0.525            0
30            0         0.53            0
31     0.010385        0.535            0
32     0.025749      0.53547            0
33            0         0.54            0
34         0.05        0.525            0
35     0.010385        0.545            0
36     0.088908      0.41109            0
37     0.070579      0.37942            0
38            0         0.55            0
39     0.023115      0.55403            0
40    0.0080258      0.55803            0
41         0.05         0.55            0
42      0.01807      0.56807            0
43     0.039347       0.5695            0
44      0.11439      0.38561            0
45     0.030598       0.5806            0
46     0.096012      0.35399            0
47     0.068139      0.56814            0
48     0.046158      0.59616            0
49     0.090122      0.59012            0
50      0.14484      0.35516            0
51     0.065379      0.61538            0
52      0.12687      0.32313            0
53      0.11657      0.61657            0
54      0.08897      0.63897            0
55      0.18086      0.31914            0
56      0.16393      0.28607            0
57      0.14809      0.64809            0
58      0.11769      0.66769            0
59      0.22293      0.27707            0
60      0.20788      0.24212            0
61      0.15233      0.70233            0
62      0.18528      0.68528            0
63       0.2714       0.2286            0
64      0.19361      0.74361            0
65       0.2286       0.7286            0
66      0.25639      0.19361            0
67      0.31472      0.18528            0
68      0.24212      0.79212            0
69      0.29767      0.15233            0
70      0.27707      0.77707            0
71      0.35191      0.14809            0
72      0.33231      0.11769            0
73      0.28607      0.83607            0
74      0.31914      0.81914            0
75      0.38343      0.11657            0
76      0.36103      0.08897            0
77      0.32313      0.87313            0
78      0.35516      0.85516            0
79      0.38462     0.065379            0
80      0.40988     0.090122            0
81      0.40384     0.046158            0
82      0.35399      0.90399            0
83      0.43186     0.068139            0
84      0.38561      0.88561            0
85       0.4194     0.030598            0
86       0.4305     0.039347            0
87         0.45         0.05            0
88      0.43193      0.01807            0
89      0.37942      0.92942            0
90      0.44597     0.023115            0
91      0.41109      0.91109            0
92        0.475         0.05            0
93      0.44197    0.0080258            0
94      0.46371     0.025656            0
95        0.455     0.010385            0
96         0.45            0            0
97        0.465     0.010385            0
98          0.5         0.05            0
99       0.4002       0.9502            0
100         0.46            0            0
101      0.48624     0.026019            0
102        0.475     0.010385            0
103      0.43223      0.93223            0
104         0.47            0            0
105        0.485     0.010385            0
106         0.48            0            0
107        0.525         0.05            0
108        0.495     0.010385            0
109         0.51      0.02532            0
110      0.41706      0.96706            0
111         0.49            0            0
112      0.43265      0.95988            0
113       0.5058    0.0089848            0
114         0.45         0.95            0
115          0.5            0            0
116        0.514    0.0092182            0
117         0.55         0.05            0
118         0.51            0            0
119      0.53484     0.025808            0
120      0.43066      0.98066            0
121      0.56777     0.067767            0
122        0.525     0.010385            0
123         0.52            0            0
124      0.44613      0.97582            0
125        0.475         0.95            0
126      0.58891     0.088908            0
127        0.535     0.010385            0
128         0.53            0            0
129      0.55387     0.024182            0
130      0.44158      0.99158            0
131      0.56735     0.040116            0
132      0.61439      0.11439            0
133        0.545     0.010385            0
134      0.46516      0.97419            0
135         0.54            0            0
136        0.455      0.98961            0
137          0.5         0.95            0
138         0.45            1            0
139         0.55            0            0
140      0.55842    0.0084235            0
141        0.465      0.98961            0
142      0.64484      0.14484            0
143      0.56934     0.019342            0
144      0.58294     0.032941            0
145         0.46            1            0
146         0.49      0.97468            0
147        0.475      0.98961            0
148       0.5998       0.0498            0
149         0.47            1            0
150        0.525         0.95            0
151        0.486      0.99078            0
152      0.62058     0.070579            0
153         0.48            1            0
154      0.68086      0.18086            0
155       0.4942      0.99102            0
156      0.51429      0.97403            0
157         0.49            1            0
158      0.64601     0.096012            0
159        0.505      0.98961            0
160         0.55         0.95            0
161          0.5            1            0
162      0.56814      0.93186            0
163        0.515      0.98961            0
164      0.59012      0.90988            0
165      0.53547      0.97425            0
166      0.67687      0.12687            0
167         0.51            1            0
168        0.525      0.98961            0
169      0.61657      0.88343            0
170         0.52            1            0
171      0.72293      0.22293            0
172        0.535      0.98961            0
173      0.64809      0.85191            0
174         0.53            1            0
175      0.55403      0.97689            0
176       0.5695      0.96065            0
177        0.545      0.98961            0
