Data_prb = {
    'TRIANGLE';
    'SI';
    '2D';
    'Plane_Stress';
    'ELASTIC';
    'MICRO';
    };


coord = [1	0	0	0
        2	0	0.111111111111111	0
        3	0	0.222222222222222	0
        4	0	0.333333333333333	0
        5	0	0.444444444444444	0
        6	0	0.555555555555556	0
        7	0	0.666666666666667	0
        8	0	0.777777777777778	0
        9	0	0.888888888888889	0
        10	0	1	0
        11	0.111111111111111	0	0
        12	0.111111111111111	0.111111111111111	0
        13	0.111111111111111	0.222222222222222	0
        14	0.111111111111111	0.333333333333333	0
        15	0.111111111111111	0.444444444444444	0
        16	0.111111111111111	0.555555555555556	0
        17	0.111111111111111	0.666666666666667	0
        18	0.111111111111111	0.777777777777778	0
        19	0.111111111111111	0.888888888888889	0
        20	0.111111111111111	1	0
        21	0.222222222222222	0	0
        22	0.222222222222222	0.111111111111111	0
        23	0.222222222222222	0.222222222222222	0
        24	0.222222222222222	0.333333333333333	0
        25	0.222222222222222	0.444444444444444	0
        26	0.222222222222222	0.555555555555556	0
        27	0.222222222222222	0.666666666666667	0
        28	0.222222222222222	0.777777777777778	0
        29	0.222222222222222	0.888888888888889	0
        30	0.222222222222222	1	0
        31	0.333333333333333	0	0
        32	0.333333333333333	0.111111111111111	0
        33	0.333333333333333	0.222222222222222	0
        34	0.333333333333333	0.333333333333333	0
        35	0.333333333333333	0.444444444444444	0
        36	0.333333333333333	0.555555555555556	0
        37	0.333333333333333	0.666666666666667	0
        38	0.333333333333333	0.777777777777778	0
        39	0.333333333333333	0.888888888888889	0
        40	0.333333333333333	1	0
        41	0.444444444444444	0	0
        42	0.444444444444444	0.111111111111111	0
        43	0.444444444444444	0.222222222222222	0
        44	0.444444444444444	0.333333333333333	0
        45	0.444444444444444	0.444444444444444	0
        46	0.444444444444444	0.555555555555556	0
        47	0.444444444444444	0.666666666666667	0
        48	0.444444444444444	0.777777777777778	0
        49	0.444444444444444	0.888888888888889	0
        50	0.444444444444444	1	0
        51	0.555555555555556	0	0
        52	0.555555555555556	0.111111111111111	0
        53	0.555555555555556	0.222222222222222	0
        54	0.555555555555556	0.333333333333333	0
        55	0.555555555555556	0.444444444444444	0
        56	0.555555555555556	0.555555555555556	0
        57	0.555555555555556	0.666666666666667	0
        58	0.555555555555556	0.777777777777778	0
        59	0.555555555555556	0.888888888888889	0
        60	0.555555555555556	1	0
        61	0.666666666666667	0	0
        62	0.666666666666667	0.111111111111111	0
        63	0.666666666666667	0.222222222222222	0
        64	0.666666666666667	0.333333333333333	0
        65	0.666666666666667	0.444444444444444	0
        66	0.666666666666667	0.555555555555556	0
        67	0.666666666666667	0.666666666666667	0
        68	0.666666666666667	0.777777777777778	0
        69	0.666666666666667	0.888888888888889	0
        70	0.666666666666667	1	0
        71	0.777777777777778	0	0
        72	0.777777777777778	0.111111111111111	0
        73	0.777777777777778	0.222222222222222	0
        74	0.777777777777778	0.333333333333333	0
        75	0.777777777777778	0.444444444444444	0
        76	0.777777777777778	0.555555555555556	0
        77	0.777777777777778	0.666666666666667	0
        78	0.777777777777778	0.777777777777778	0
        79	0.777777777777778	0.888888888888889	0
        80	0.777777777777778	1	0
        81	0.888888888888889	0	0
        82	0.888888888888889	0.111111111111111	0
        83	0.888888888888889	0.222222222222222	0
        84	0.888888888888889	0.333333333333333	0
        85	0.888888888888889	0.444444444444444	0
        86	0.888888888888889	0.555555555555556	0
        87	0.888888888888889	0.666666666666667	0
        88	0.888888888888889	0.777777777777778	0
        89	0.888888888888889	0.888888888888889	0
        90	0.888888888888889	1	0
        91	1	0	0
        92	1	0.111111111111111	0
        93	1	0.222222222222222	0
        94	1	0.333333333333333	0
        95	1	0.444444444444444	0
        96	1	0.555555555555556	0
        97	1	0.666666666666667	0
        98	1	0.777777777777778	0
        99	1	0.888888888888889	0
        100	1	1	0];

connec = [1	1 12 2
        2	2	13	3
        3	3	14	4
        4	4	15	5
        5	5	16	6
        6	6	17	7
        7	7	18	8
        8	8	19	9
        9	9	20	10
        10	11	22	12
        11	12	23	13
        12	13	24	14
        13	14	25	15
        14	15	26	16
        15	16	27	17
        16	17	28	18
        17	18	29	19
        18	19	30	20
        19	21	32	22
        20	22	33	23
        21	23	34	24
        22	24	35	25
        23	25	36	26
        24	26	37	27
        25	27	38	28
        26	28	39	29
        27	29	40	30
        28	31	42	32
        29	32	43	33
        30	33	44	34
        31	34	45	35
        32	35	46	36
        33	36	47	37
        34	37	48	38
        35	38	49	39
        36	39	50	40
        37	41	52	42
        38	42	53	43
        39	43	54	44
        40	44	55	45
        41	45	56	46
        42	46	57	47
        43	47	58	48
        44	48	59	49
        45	49	60	50
        46	51	62	52
        47	52	63	53
        48	53	64	54
        49	54	65	55
        50	55	66	56
        51	56	67	57
        52	57	68	58
        53	58	69	59
        54	59	70	60
        55	61	72	62
        56	62	73	63
        57	63	74	64
        58	64	75	65
        59	65	76	66
        60	66	77	67
        61	67	78	68
        62	68	79	69
        63	69	80	70
        64	71	82	72
        65	72	83	73
        66	73	84	74
        67	74	85	75
        68	75	86	76
        69	76	87	77
        70	77	88	78
        71	78	89	79
        72	79	90	80
        73	81	92	82
        74	82	93	83
        75	83	94	84
        76	84	95	85
        77	85	96	86
        78	86	97	87
        79	87	98	88
        80	88	99	89
        81	89	100	90
        82	1	11	12
        83	2	12	13
        84	3	13	14
        85	4	14	15
        86	5	15	16
        87	6	16	17
        88	7	17	18
        89	8	18	19
        90	9	19	20
        91	11	21	22
        92	12	22	23
        93	13	23	24
        94	14	24	25
        95	15	25	26
        96	16	26	27
        97	17	27	28
        98	18	28	29
        99	19	29	30
        100	21	31	32
        101	22	32	33
        102	23	33	34
        103	24	34	35
        104	25	35	36
        105	26	36	37
        106	27	37	38
        107	28	38	39
        108	29	39	40
        109	31	41	42
        110	32	42	43
        111	33	43	44
        112	34	44	45
        113	35	45	46
        114	36	46	47
        115	37	47	48
        116	38	48	49
        117	39	49	50
        118	41	51	52
        119	42	52	53
        120	43	53	54
        121	44	54	55
        122	45	55	56
        123	46	56	57
        124	47	57	58
        125	48	58	59
        126	49	59	60
        127	51	61	62
        128	52	62	63
        129	53	63	64
        130	54	64	65
        131	55	65	66
        132	56	66	67
        133	57	67	68
        134	58	68	69
        135	59	69	70
        136	61	71	72
        137	62	72	73
        138	63	73	74
        139	64	74	75
        140	65	75	76
        141	66	76	77
        142	67	77	78
        143	68	78	79
        144	69	79	80
        145	71	81	82
        146	72	82	83
        147	73	83	84
        148	74	84	85
        149	75	85	86
        150	76	86	87
        151	77	87	88
        152	78	88	89
        153	79	89	90
        154	81	91	92
        155	82	92	93
        156	83	93	94
        157	84	94	95
        158	85	95	96
        159	86	96	97
        160	87	97	98
        161	88	98	99
        162	89	99	100];


Master_slave = [2	92
            3	93
            4	94
            5	95
            6	96
            7	97
            8	98
            9	99
            11	20
            21	30
            31	40
            41	50
            51	60
            61	70
            71	80
            81	90];

