%% Data file

Data_prb = {
'TRIANGLE' ;
'SI' ;
'2D' ;
'Plane_Stress' ;
'ELASTIC' ;
'MICRO' ;
};


coord = [
1 0 0 0
2 0.707107 0.707107 0
3 0 1.41421 0
4 -0.707107 0.707107 0
5 0.0282843 0.0282843 0
6 0.0565685 0.0565685 0
7 0.0848528 0.0848528 0
8 0.113137 0.113137 0
9 0.141421 0.141421 0
10 0.169706 0.169706 0
11 0.19799 0.19799 0
12 0.226274 0.226274 0
13 0.254558 0.254558 0
14 0.282843 0.282843 0
15 0.311127 0.311127 0
16 0.339411 0.339411 0
17 0.367696 0.367696 0
18 0.39598 0.39598 0
19 0.424264 0.424264 0
20 0.452548 0.452548 0
21 0.480833 0.480833 0
22 0.509117 0.509117 0
23 0.537401 0.537401 0
24 0.565685 0.565685 0
25 0.59397 0.59397 0
26 0.622254 0.622254 0
27 0.650538 0.650538 0
28 0.678823 0.678823 0
29 0.678823 0.735391 0
30 0.650538 0.763675 0
31 0.622254 0.79196 0
32 0.59397 0.820244 0
33 0.565685 0.848528 0
34 0.537401 0.876812 0
35 0.509117 0.905097 0
36 0.480833 0.933381 0
37 0.452548 0.961665 0
38 0.424264 0.989949 0
39 0.39598 1.01823 0
40 0.367696 1.04652 0
41 0.339411 1.0748 0
42 0.311127 1.10309 0
43 0.282843 1.13137 0
44 0.254558 1.15966 0
45 0.226274 1.18794 0
46 0.19799 1.21622 0
47 0.169706 1.24451 0
48 0.141421 1.27279 0
49 0.113137 1.30108 0
50 0.0848528 1.32936 0
51 0.0565685 1.35765 0
52 0.0282843 1.38593 0
53 -0.0282843 1.38593 0
54 -0.0565685 1.35765 0
55 -0.0848528 1.32936 0
56 -0.113137 1.30108 0
57 -0.141421 1.27279 0
58 -0.169706 1.24451 0
59 -0.19799 1.21622 0
60 -0.226274 1.18794 0
61 -0.254558 1.15966 0
62 -0.282843 1.13137 0
63 -0.311127 1.10309 0
64 -0.339411 1.0748 0
65 -0.367696 1.04652 0
66 -0.39598 1.01823 0
67 -0.424264 0.989949 0
68 -0.452548 0.961665 0
69 -0.480833 0.933381 0
70 -0.509117 0.905097 0
71 -0.537401 0.876812 0
72 -0.565685 0.848528 0
73 -0.59397 0.820244 0
74 -0.622254 0.79196 0
75 -0.650538 0.763675 0
76 -0.678823 0.735391 0
77 -0.678823 0.678823 0
78 -0.650538 0.650538 0
79 -0.622254 0.622254 0
80 -0.59397 0.59397 0
81 -0.565685 0.565685 0
82 -0.537401 0.537401 0
83 -0.509117 0.509117 0
84 -0.480833 0.480833 0
85 -0.452548 0.452548 0
86 -0.424264 0.424264 0
87 -0.39598 0.39598 0
88 -0.367696 0.367696 0
89 -0.339411 0.339411 0
90 -0.311127 0.311127 0
91 -0.282843 0.282843 0
92 -0.254558 0.254558 0
93 -0.226274 0.226274 0
94 -0.19799 0.19799 0
95 -0.169706 0.169706 0
96 -0.141421 0.141421 0
97 -0.113137 0.113137 0
98 -0.0848528 0.0848528 0
99 -0.0565685 0.0565685 0
100 -0.0282843 0.0282843 0
101 2.01228e-16 0.0565685 0
102 0.0282843 0.0848528 0
103 0.0565685 0.113137 0
104 0.0848528 0.141421 0
105 0.113137 0.169706 0
106 0.141421 0.19799 0
107 0.169706 0.226274 0
108 0.19799 0.254558 0
109 0.226274 0.282843 0
110 0.254558 0.311127 0
111 0.282843 0.339411 0
112 0.311127 0.367696 0
113 0.339411 0.39598 0
114 0.367696 0.424264 0
115 0.39598 0.452548 0
116 0.424264 0.480833 0
117 0.452548 0.509117 0
118 0.480833 0.537401 0
119 0.509117 0.565685 0
120 0.537401 0.59397 0
121 0.565685 0.622254 0
122 0.59397 0.650538 0
123 0.622254 0.678823 0
124 0.650538 0.707107 0
125 -0.0282843 0.0848528 0
126 1.97758e-16 0.113137 0
127 0.0282843 0.141421 0
128 0.0565685 0.169706 0
129 0.0848528 0.19799 0
130 0.113137 0.226274 0
131 0.141421 0.254558 0
132 0.169706 0.282843 0
133 0.19799 0.311127 0
134 0.226274 0.339411 0
135 0.254558 0.367696 0
136 0.282843 0.39598 0
137 0.311127 0.424264 0
138 0.339411 0.452548 0
139 0.367696 0.480833 0
140 0.39598 0.509117 0
141 0.424264 0.537401 0
142 0.452548 0.565685 0
143 0.480833 0.59397 0
144 0.509117 0.622254 0
145 0.537401 0.650538 0
146 0.565685 0.678823 0
147 0.59397 0.707107 0
148 0.622254 0.735391 0
149 -0.0565685 0.113137 0
150 -0.0282843 0.141421 0
151 1.94289e-16 0.169706 0
152 0.0282843 0.19799 0
153 0.0565685 0.226274 0
154 0.0848528 0.254558 0
155 0.113137 0.282843 0
156 0.141421 0.311127 0
157 0.169706 0.339411 0
158 0.19799 0.367696 0
159 0.226274 0.39598 0
160 0.254558 0.424264 0
161 0.282843 0.452548 0
162 0.311127 0.480833 0
163 0.339411 0.509117 0
164 0.367696 0.537401 0
165 0.39598 0.565685 0
166 0.424264 0.59397 0
167 0.452548 0.622254 0
168 0.480833 0.650538 0
169 0.509117 0.678823 0
170 0.537401 0.707107 0
171 0.565685 0.735391 0
172 0.59397 0.763675 0
173 -0.0848528 0.141421 0
174 -0.0565685 0.169706 0
175 -0.0282843 0.19799 0
176 1.94289e-16 0.226274 0
177 0.0282843 0.254558 0
178 0.0565685 0.282843 0
179 0.0848528 0.311127 0
180 0.113137 0.339411 0
181 0.141421 0.367696 0
182 0.169706 0.39598 0
183 0.19799 0.424264 0
184 0.226274 0.452548 0
185 0.254558 0.480833 0
186 0.282843 0.509117 0
187 0.311127 0.537401 0
188 0.339411 0.565685 0
189 0.367696 0.59397 0
190 0.39598 0.622254 0
191 0.424264 0.650538 0
192 0.452548 0.678823 0
193 0.480833 0.707107 0
194 0.509117 0.735391 0
195 0.537401 0.763675 0
196 0.565685 0.79196 0
197 -0.113137 0.169706 0
198 -0.0848528 0.19799 0
199 -0.0565685 0.226274 0
200 -0.0282843 0.254558 0
201 1.94289e-16 0.282843 0
202 0.0282843 0.311127 0
203 0.0565685 0.339411 0
204 0.0848528 0.367696 0
205 0.113137 0.39598 0
206 0.141421 0.424264 0
207 0.169706 0.452548 0
208 0.19799 0.480833 0
209 0.226274 0.509117 0
210 0.254558 0.537401 0
211 0.282843 0.565685 0
212 0.311127 0.59397 0
213 0.339411 0.622254 0
214 0.367696 0.650538 0
215 0.39598 0.678823 0
216 0.424264 0.707107 0
217 0.452548 0.735391 0
218 0.480833 0.763675 0
219 0.509117 0.79196 0
220 0.537401 0.820244 0
221 -0.141421 0.19799 0
222 -0.113137 0.226274 0
223 -0.0848528 0.254558 0
224 -0.0565685 0.282843 0
225 -0.0282843 0.311127 0
226 1.94289e-16 0.339411 0
227 0.0282843 0.367696 0
228 0.0565685 0.39598 0
229 0.0848528 0.424264 0
230 0.113137 0.452548 0
231 0.141421 0.480833 0
232 0.169706 0.509117 0
233 0.19799 0.537401 0
234 0.226274 0.565685 0
235 0.254558 0.59397 0
236 0.282843 0.622254 0
237 0.311127 0.650538 0
238 0.339411 0.678823 0
239 0.367696 0.707107 0
240 0.39598 0.735391 0
241 0.424264 0.763675 0
242 0.452548 0.79196 0
243 0.480833 0.820244 0
244 0.509117 0.848528 0
245 -0.169706 0.226274 0
246 -0.141421 0.254558 0
247 -0.113137 0.282843 0
248 -0.0848528 0.311127 0
249 -0.0565685 0.339411 0
250 -0.0282843 0.367696 0
251 1.94289e-16 0.39598 0
252 0.0282843 0.424264 0
253 0.0565685 0.452548 0
254 0.0848528 0.480833 0
255 0.113137 0.509117 0
256 0.141421 0.537401 0
257 0.169706 0.565685 0
258 0.19799 0.59397 0
259 0.226274 0.622254 0
260 0.254558 0.650538 0
261 0.282843 0.678823 0
262 0.311127 0.707107 0
263 0.339411 0.735391 0
264 0.367696 0.763675 0
265 0.39598 0.79196 0
266 0.424264 0.820244 0
267 0.452548 0.848528 0
268 0.480833 0.876812 0
269 -0.19799 0.254558 0
270 -0.169706 0.282843 0
271 -0.141421 0.311127 0
272 -0.113137 0.339411 0
273 -0.0848528 0.367696 0
274 -0.0565685 0.39598 0
275 -0.0282843 0.424264 0
276 1.94289e-16 0.452548 0
277 0.0282843 0.480833 0
278 0.0565685 0.509117 0
279 0.0848528 0.537401 0
280 0.113137 0.565685 0
281 0.141421 0.59397 0
282 0.169706 0.622254 0
283 0.19799 0.650538 0
284 0.226274 0.678823 0
285 0.254558 0.707107 0
286 0.282843 0.735391 0
287 0.311127 0.763675 0
288 0.339411 0.79196 0
289 0.367696 0.820244 0
290 0.39598 0.848528 0
291 0.424264 0.876812 0
292 0.452548 0.905097 0
293 -0.226274 0.282843 0
294 -0.19799 0.311127 0
295 -0.169706 0.339411 0
296 -0.141421 0.367696 0
297 -0.113137 0.39598 0
298 -0.0848528 0.424264 0
299 -0.0565685 0.452548 0
300 -0.0282843 0.480833 0
301 1.66533e-16 0.509117 0
302 0.0282843 0.537401 0
303 0.0565685 0.565685 0
304 0.0848528 0.59397 0
305 0.113137 0.622254 0
306 0.141421 0.650538 0
307 0.169706 0.678823 0
308 0.19799 0.707107 0
309 0.226274 0.735391 0
310 0.254558 0.763675 0
311 0.282843 0.79196 0
312 0.311127 0.820244 0
313 0.339411 0.848528 0
314 0.367696 0.876812 0
315 0.39598 0.905097 0
316 0.424264 0.933381 0
317 -0.254558 0.311127 0
318 -0.226274 0.339411 0
319 -0.19799 0.367696 0
320 -0.169706 0.39598 0
321 -0.141421 0.424264 0
322 -0.113137 0.452548 0
323 -0.0848528 0.480833 0
324 -0.0565685 0.509117 0
325 -0.0282843 0.537401 0
326 1.66533e-16 0.565685 0
327 0.0282843 0.59397 0
328 0.0565685 0.622254 0
329 0.0848528 0.650538 0
330 0.113137 0.678823 0
