%% Data file

Data_prb = {
'TRIANGLE' ;
'SI' ;
'2D' ;
'Plane_Stress' ;
'ELASTIC' ;
'MICRO' ;
};


coord = [
1 0 0 0
2 1 0 0
3 1.5 0.866025 0
4 1 1.73205 0
5 0 1.73205 0
6 -0.5 0.866025 0
7 0.2 0 0
8 0.4 0 0
9 0.6 0 0
10 0.8 0 0
11 1.1 0.173205 0
12 1.2 0.34641 0
13 1.3 0.519615 0
14 1.4 0.69282 0
15 1.4 1.03923 0
16 1.3 1.21244 0
17 1.2 1.38564 0
18 1.1 1.55885 0
19 0.8 1.73205 0
20 0.6 1.73205 0
21 0.4 1.73205 0
22 0.2 1.73205 0
23 -0.1 1.55885 0
24 -0.2 1.38564 0
25 -0.3 1.21244 0
26 -0.4 1.03923 0
27 -0.4 0.69282 0
28 -0.3 0.519615 0
29 -0.2 0.34641 0
30 -0.1 0.173205 0
31 0.5 0.866025 0
32 0.1 0.173205 0
33 0.9 0.173205 0
34 1.3 0.866025 0
35 0.9 1.55885 0
36 0.1 1.55885 0
37 -0.3 0.866025 0
38 0.3 0.173205 0
39 0.5 0.173205 0
40 0.7 0.173205 0
41 1 0.34641 0
42 1.1 0.519615 0
43 1.2 0.69282 0
44 1.2 1.03923 0
45 1.1 1.21244 0
46 1 1.38564 0
47 0.7 1.55885 0
48 0.5 1.55885 0
49 0.3 1.55885 0
50 0 1.38564 0
51 -0.1 1.21244 0
52 -0.2 1.03923 0
53 -0.2 0.69282 0
54 -0.1 0.519615 0
55 5.55112e-17 0.34641 0
56 0.2 0.34641 0
57 0.8 0.34641 0
58 1.1 0.866025 0
59 0.8 1.38564 0
60 0.2 1.38564 0
61 -0.1 0.866025 0
62 0.4 0.34641 0
63 0.6 0.34641 0
64 0.9 0.519615 0
65 1 0.69282 0
66 1 1.03923 0
67 0.9 1.21244 0
68 0.6 1.38564 0
69 0.4 1.38564 0
70 0.1 1.21244 0
71 2.77556e-17 1.03923 0
72 1.38778e-17 0.69282 0
73 0.1 0.519615 0
74 0.3 0.519615 0
75 0.7 0.519615 0
76 0.9 0.866025 0
77 0.7 1.21244 0
78 0.3 1.21244 0
79 0.1 0.866025 0
80 0.5 0.519615 0
81 0.8 0.69282 0
82 0.8 1.03923 0
83 0.5 1.21244 0
84 0.2 1.03923 0
85 0.2 0.69282 0
86 0.4 0.69282 0
87 0.6 0.69282 0
88 0.7 0.866025 0
89 0.6 1.03923 0
90 0.4 1.03923 0
91 0.3 0.866025 0
];

pointload = [
];



connec = [
1 5 23 36
2 52 25 26
3 49 36 60
4 50 23 24
5 59 67 46
6 33 10 2
7 6 27 37
8 54 55 73
9 86 91 85
10 57 40 33
11 57 75 63
12 39 8 9
13 32 55 30
14 75 64 81
15 61 53 72
16 28 29 54
17 60 50 70
18 74 56 62
19 48 49 69
20 60 36 50
21 47 48 68
22 58 76 65
23 45 67 66
24 83 69 78
25 35 18 4
26 35 59 46
27 46 17 18
28 76 66 82
29 77 59 68
30 67 82 66
31 91 84 79
32 42 64 41
33 40 10 33
34 13 42 12
35 76 82 88
36 1 32 30
37 55 56 73
38 7 38 32
39 30 55 29
40 85 74 86
41 7 32 1
42 38 56 32
43 8 38 7
44 32 56 55
45 38 62 56
46 9 40 39
47 79 72 85
48 54 29 55
49 79 85 91
50 74 80 86
51 73 74 85
52 73 56 74
53 87 31 86
54 90 78 84
55 71 52 61
56 72 73 85
57 61 72 79
58 53 28 54
59 72 54 73
60 72 53 54
61 27 28 53
62 26 37 52
63 27 53 37
64 6 37 26
65 53 61 37
66 61 79 71
67 84 71 79
68 52 37 61
69 25 52 51
70 78 70 84
71 24 25 51
72 24 51 50
73 70 50 51
74 36 23 50
75 69 49 60
76 49 22 36
77 5 36 22
78 78 69 60
79 21 22 49
80 90 83 78
81 48 21 49
82 71 70 51
83 78 60 70
84 70 71 84
85 51 52 71
86 31 90 91
87 90 84 91
88 86 31 91
89 77 67 59
90 80 87 86
91 89 83 90
92 31 89 90
93 77 68 83
94 88 89 31
95 82 77 89
96 81 76 88
97 82 89 88
98 68 48 69
99 47 35 19
100 83 68 69
101 47 20 48
102 48 20 21
103 59 47 68
104 59 35 47
105 47 19 20
106 35 46 18
107 67 45 46
108 35 4 19
109 44 45 66
110 17 46 45
111 17 45 16
112 89 77 83
113 82 67 77
114 15 44 34
115 16 45 44
116 3 34 14
117 44 66 58
118 16 44 15
119 43 58 65
120 34 44 58
121 34 43 14
122 34 58 43
123 43 13 14
124 43 42 13
125 15 34 3
126 87 81 88
127 58 66 76
128 75 81 87
129 65 76 81
130 31 87 88
131 80 75 87
132 62 63 80
133 63 40 57
134 75 57 64
135 42 43 65
136 74 62 80
137 39 40 63
138 38 39 62
139 38 8 39
140 10 40 9
141 80 63 75
142 62 39 63
143 41 64 57
144 64 65 81
145 33 41 57
146 42 65 64
147 2 11 33
148 12 42 41
149 41 11 12
150 41 33 11
];

%% Variable Prescribed
% Node 	 Dimension 	 Value

dirichlet_data = [
1 1 0
1 2 0
2 1 0
2 2 0
3 1 0
3 2 0
4 1 0
4 2 0
5 1 0
5 2 0
6 1 0
6 2 0
];


%% Force Prescribed
% Node 	 Dimension 	 Value

pointload_complete = [
];


%% Volumetric Force
% Element 	 Dimension 	 Force_Dim

Vol_force = [
];


%% Group Elements
% Element 	 Group_num

Group = [
];


%% Group Elements
% Elements that are considered holes initially
% Element

Initial_holes = [
];


%% Boundary Elements
% Elements that can not be removed
% Element

Boundary_elements = [
];


%% Micro Gauss Post
% Element

Micro_gauss_post = [
];


%% Master-Slave

Master_slave = [
7 22
8 21
9 20
10 19
11 26
12 25
13 24
14 23
15 30
16 29
17 28
18 27
];

%% Nodes Solid
% Nodes that must remain
% Nodes

% nodesolid = 1;


%% External Border Elements
% Detect the elements that define the edge of the domain
% Element 	 Node(1) 	 Node(2)

External_border_elements = [
];


%% External Border Nodes
% Detect the nodes that define the edge of the domain
% Node 	 

External_border_nodes = [
];


%% Materials
% Materials that have been used
% Material_Num 	 Mat_density 	 Young_Modulus 	 Poisson

Materials = [
];