%% Data file

Data_prb = {
'TRIANGLE' ;
'SI' ;
'2D' ;
'Plane_Stress' ;
'ELASTIC' ;
'MICRO' ;
};


coord = [
1 0 0 0
2 1 0 0
3 1.5 0.866025 0
4 1 1.73205 0
5 0 1.73205 0
6 -0.5 0.866025 0
7 0.25 0 0
8 0.5 0 0
9 0.75 0 0
10 1.125 0.216506 0
11 1.25 0.433013 0
12 1.375 0.649519 0
13 1.375 1.08253 0
14 1.25 1.29904 0
15 1.125 1.51554 0
16 0.75 1.73205 0
17 0.5 1.73205 0
18 0.25 1.73205 0
19 -0.125 1.51554 0
20 -0.25 1.29904 0
21 -0.375 1.08253 0
22 -0.375 0.649519 0
23 -0.25 0.433013 0
24 -0.125 0.216506 0
25 0.5 0.866025 0
26 0.125 0.216506 0
27 0.875 0.216506 0
28 1.25 0.866025 0
29 0.875 1.51554 0
30 0.125 1.51554 0
31 -0.25 0.866025 0
32 0.375 0.216506 0
33 0.625 0.216506 0
34 1 0.433013 0
35 1.125 0.649519 0
36 1.125 1.08253 0
37 1 1.29904 0
38 0.625 1.51554 0
39 0.375 1.51554 0
40 0 1.29904 0
41 -0.125 1.08253 0
42 -0.125 0.649519 0
43 0 0.433013 0
44 0.25 0.433013 0
45 0.75 0.433013 0
46 1 0.866025 0
47 0.75 1.29904 0
48 0.25 1.29904 0
49 0 0.866025 0
50 0.5 0.433013 0
51 0.875 0.649519 0
52 0.916667 1.01036 0
53 0.833333 1.1547 0
54 0.5 1.29904 0
55 0.125 1.08253 0
56 0.0833333 0.721688 0
57 0.166667 0.57735 0
58 0.375 0.649519 0
59 0.625 0.649519 0
60 0.75 0.866025 0
61 0.625 1.08253 0
62 0.375 1.08253 0
63 0.25 0.866025 0
64 0.6875 0.974279 0
65 0.3125 0.757772 0
];

pointload = [
];



connec = [
1 30 18 5
2 50 58 44
3 34 51 45
4 54 38 39
5 46 28 36
6 42 43 57
7 64 52 53
8 37 15 29
9 57 43 44
10 64 61 25
11 39 18 30
12 56 57 65
13 48 54 39
14 61 47 54
15 29 4 16
16 64 53 61
17 36 14 37
18 10 27 2
19 51 46 60
20 14 13 4
21 26 1 7
22 45 51 59
23 9 33 8
24 11 35 34
25 42 23 43
26 50 44 32
27 1 24 23
28 26 7 32
29 24 43 23
30 24 1 26
31 32 33 50
32 43 26 44
33 43 24 26
34 8 33 32
35 58 57 44
36 31 49 41
37 61 62 25
38 41 40 20
39 65 58 25
40 65 57 58
41 1 23 6
42 6 23 22
43 49 42 56
44 22 23 42
45 57 56 42
46 55 40 41
47 22 31 6
48 6 31 21
49 22 42 31
50 42 49 31
51 56 65 63
52 41 20 21
53 31 41 21
54 49 55 41
55 40 19 20
56 40 30 19
57 19 30 5
58 62 55 63
59 40 48 30
60 38 17 39
61 56 63 49
62 63 25 62
63 49 63 55
64 65 25 63
65 30 48 39
66 40 55 48
67 54 62 61
68 48 55 62
69 62 54 48
70 61 53 47
71 60 46 52
72 52 36 53
73 39 17 18
74 54 47 38
75 15 14 4
76 38 16 17
77 38 47 29
78 38 29 16
79 47 53 37
80 47 37 29
81 53 36 37
82 29 15 4
83 37 14 15
84 60 52 64
85 46 36 52
86 25 59 60
87 35 28 46
88 4 13 3
89 14 36 13
90 12 28 35
91 13 36 28
92 11 12 35
93 3 28 12
94 13 28 3
95 58 59 25
96 34 10 11
97 25 60 64
98 59 51 60
99 50 45 59
100 35 46 51
101 26 32 44
102 7 8 32
103 9 27 33
104 27 45 33
105 59 58 50
106 2 27 9
107 33 45 50
108 27 10 34
109 51 34 35
110 45 27 34
111 3 12 11
];

%% Variable Prescribed
% Node 	 Dimension 	 Value

dirichlet_data = [
1 1 0
1 2 0
2 1 0
2 2 0
3 1 0
3 2 0
4 1 0
4 2 0
5 1 0
5 2 0
6 1 0
6 2 0
];


%% Force Prescribed
% Node 	 Dimension 	 Value

pointload_complete = [
];


%% Volumetric Force
% Element 	 Dimension 	 Force_Dim

Vol_force = [
];


%% Group Elements
% Element 	 Group_num

Group = [
];


%% Group Elements
% Elements that are considered holes initially
% Element

Initial_holes = [
];


%% Boundary Elements
% Elements that can not be removed
% Element

Boundary_elements = [
];


%% Micro Gauss Post
% Element

Micro_gauss_post = [
];


%% Master-Slave

Master_slave = [
7 18
8 17
9 16
10 21
11 20
12 19
13 24
14 23
15 22
];

%% Nodes Solid
% Nodes that must remain
% Nodes

% nodesolid = 1;


%% External Border Elements
% Detect the elements that define the edge of the domain
% Element 	 Node(1) 	 Node(2)

External_border_elements = [
];


%% External Border Nodes
% Detect the nodes that define the edge of the domain
% Node 	 

External_border_nodes = [
];


%% Materials
% Materials that have been used
% Material_Num 	 Mat_density 	 Young_Modulus 	 Poisson

Materials = [
];