%% Data file

Data_prb = {
'TRIANGLE' ;
'SI' ;
'2D' ;
'Plane_Stress' ;
'ELASTIC' ;
'MICRO' ;
};


coord = [
1 0 -1e-13 0
2 1 -1e-13 0
3 1.5 0.866025 0
4 1 1.73205 0
5 8.66025e-14 1.73205 0
6 -0.5 0.866025 0
7 0.2 -5e-14 0
8 0.4 -5e-14 0
9 0.6 5e-14 0
10 0.8 5e-14 0
11 1.1 0.173205 0
12 1.2 0.34641 0
13 1.3 0.519615 0
14 1.4 0.69282 0
15 1.4 1.03923 0
16 1.3 1.21244 0
17 1.2 1.38564 0
18 1.1 1.55885 0
19 0.8 1.73205 0
20 0.6 1.73205 0
21 0.4 1.73205 0
22 0.2 1.73205 0
23 -0.1 1.55885 0
24 -0.2 1.38564 0
25 -0.3 1.21244 0
26 -0.4 1.03923 0
27 -0.4 0.69282 0
28 -0.3 0.519615 0
29 -0.2 0.34641 0
30 -0.1 0.173205 0
31 0.5 0.866025 0
32 0.1 0.173205 0
33 0.9 0.173205 0
34 1.3 0.866025 0
35 0.9 1.55885 0
36 0.1 1.55885 0
37 -0.3 0.866025 0
38 0.3 0.173205 0
39 0.5 0.173205 0
40 0.7 0.173205 0
41 1 0.34641 0
42 1.1 0.519615 0
43 1.2 0.69282 0
44 1.2 1.03923 0
45 1.1 1.21244 0
46 1 1.38564 0
47 0.7 1.55885 0
48 0.5 1.55885 0
49 0.3 1.55885 0
50 0 1.38564 0
51 -0.1 1.21244 0
52 -0.2 1.03923 0
53 -0.2 0.69282 0
54 -0.1 0.519615 0
55 5.55112e-17 0.34641 0
56 0.2 0.34641 0
57 0.8 0.34641 0
58 1.1 0.866025 0
59 0.8 1.38564 0
60 0.2 1.38564 0
61 -0.1 0.866025 0
62 0.35 0.34641 0
63 0.5 0.34641 0
64 0.65 0.34641 0
65 0.9 0.519615 0
66 1 0.69282 0
67 1.025 0.995929 0
68 0.95 1.12583 0
69 0.875 1.25574 0
70 0.65 1.38564 0
71 0.5 1.38564 0
72 0.35 1.38564 0
73 0.1 1.21244 0
74 2.77556e-17 1.03923 0
75 -0.025 0.736122 0
76 0.05 0.606218 0
77 0.125 0.476314 0
78 0.3 0.519615 0
79 0.7 0.519615 0
80 0.9 0.866025 0
81 0.7 1.21244 0
82 0.3 1.21244 0
83 0.1 0.866025 0
84 0.433333 0.519615 0
85 0.566667 0.519615 0
86 0.8 0.69282 0
87 0.833333 0.981495 0
88 0.766667 1.09697 0
89 0.566667 1.21244 0
90 0.433333 1.21244 0
91 0.2 1.03923 0
92 0.166667 0.750555 0
93 0.233333 0.635085 0
94 0.4 0.69282 0
95 0.6 0.69282 0
96 0.7 0.866025 0
97 0.6 1.03923 0
98 0.4 1.03923 0
99 0.3 0.866025 0
100 0.5 0.69282 0
101 0.65 0.952628 0
102 0.5 1.03923 0
103 0.35 0.779423 0
];

pointload = [
];



connec = [
1 50 24 51
2 65 42 66
3 15 34 3
4 22 36 49
5 90 82 98
6 71 48 72
7 31 103 94
8 54 29 55
9 1 28 27
10 77 55 56
11 94 103 93
12 53 27 28
13 63 64 85
14 39 38 8
15 55 77 54
16 61 74 52
17 26 25 24
18 61 53 75
19 90 72 82
20 51 24 25
21 98 102 90
22 52 25 26
23 81 59 70
24 98 82 91
25 58 80 66
26 97 81 89
27 46 35 59
28 48 21 49
29 35 18 4
30 46 59 69
31 44 67 58
32 79 86 95
33 17 46 45
34 43 42 13
35 13 42 12
36 85 95 100
37 79 65 86
38 7 32 1
39 33 10 2
40 8 38 7
41 42 41 12
42 40 10 33
43 32 38 56
44 94 78 84
45 56 38 62
46 29 28 1
47 30 29 1
48 30 55 29
49 30 32 55
50 8 7 1
51 39 40 64
52 2 8 1
53 9 40 39
54 78 62 84
55 56 55 32
56 1 32 30
57 7 38 32
58 78 56 62
59 77 93 76
60 75 76 92
61 93 77 78
62 78 94 93
63 96 80 87
64 84 100 94
65 39 62 38
66 93 103 92
67 94 100 31
68 95 96 31
69 102 98 31
70 92 76 93
71 53 28 54
72 78 77 56
73 76 54 77
74 75 54 76
75 28 29 54
76 27 53 37
77 54 75 53
78 99 103 31
79 52 37 61
80 6 27 37
81 53 61 37
82 75 92 83
83 83 74 61
84 73 60 50
85 6 37 26
86 51 52 74
87 26 37 52
88 25 52 51
89 5 23 36
90 20 5 22
91 91 73 74
92 50 23 24
93 73 50 51
94 36 23 50
95 74 73 51
96 60 49 36
97 20 22 21
98 5 36 22
99 22 49 21
100 36 50 60
101 82 60 73
102 82 72 60
103 71 72 90
104 49 60 72
105 89 90 102
106 89 71 90
107 99 83 92
108 99 31 98
109 75 83 61
110 92 103 99
111 73 91 82
112 74 83 91
113 91 99 98
114 91 83 99
115 97 89 102
116 81 70 89
117 31 101 102
118 58 67 80
119 88 81 97
120 88 69 81
121 101 96 87
122 87 67 68
123 47 20 48
124 48 49 72
125 70 48 71
126 70 47 48
127 48 20 21
128 89 70 71
129 59 35 47
130 59 47 70
131 35 19 47
132 81 69 59
133 88 87 68
134 47 19 20
135 35 4 19
136 18 17 16
137 35 46 18
138 68 67 45
139 46 17 18
140 45 67 44
141 18 16 4
142 17 45 16
143 46 69 45
144 97 101 88
145 80 67 87
146 69 68 45
147 69 88 68
148 16 44 15
149 16 45 44
150 44 34 15
151 14 12 3
152 14 13 12
153 43 66 42
154 14 43 13
155 34 44 58
156 43 58 66
157 43 14 34
158 43 34 58
159 14 3 34
160 88 101 87
161 31 100 95
162 102 101 97
163 31 96 101
164 84 85 100
165 95 86 96
166 40 57 64
167 86 80 96
168 57 65 79
169 66 80 86
170 62 63 84
171 79 95 85
172 64 63 39
173 85 84 63
174 62 39 63
175 8 9 39
176 2 9 8
177 10 40 9
178 33 57 40
179 79 85 64
180 64 57 79
181 41 42 65
182 86 65 66
183 57 33 41
184 57 41 65
185 33 2 11
186 41 33 11
187 10 9 2
188 41 11 12
];

%% Variable Prescribed
% Node 	 Dimension 	 Value

dirichlet_data = [
1 1 0
1 2 0
2 1 0
2 2 0
3 1 0
3 2 0
4 1 0
4 2 0
5 1 0
5 2 0
6 1 0
6 2 0
];


%% Force Prescribed
% Node 	 Dimension 	 Value

pointload_complete = [
];


%% Volumetric Force
% Element 	 Dimension 	 Force_Dim

Vol_force = [
];


%% Group Elements
% Element 	 Group_num

Group = [
];


%% Group Elements
% Elements that are considered holes initially
% Element

Initial_holes = [
];


%% Boundary Elements
% Elements that can not be removed
% Element

Boundary_elements = [
];


%% Micro Gauss Post
% Element

Micro_gauss_post = [
];


%% Master-Slave

Master_slave = [
7 22
8 21
9 20
10 19
11 26
12 25
13 24
14 23
15 30
16 29
17 28
18 27
];

%% Nodes Solid
% Nodes that must remain
% Nodes

% nodesolid = 1;


%% External Border Elements
% Detect the elements that define the edge of the domain
% Element 	 Node(1) 	 Node(2)

External_border_elements = [
];


%% External Border Nodes
% Detect the nodes that define the edge of the domain
% Node 	 

External_border_nodes = [
];


%% Materials
% Materials that have been used
% Material_Num 	 Mat_density 	 Young_Modulus 	 Poisson

Materials = [
];