%==================================================================
%                        General Data File
% Title: Default_title
% Units: SI
% Dimensions: 3D
% Type of problem: Plane_Stress
% Type of Phisics: ELASTIC
% Micro/Macro: MICRO
%
%==================================================================

%% Data

Data_prb = {
'Default_title';
'SI';
'3D';
'Plane_Stress';
'ELASTIC';
'MICRO';
};

%% Coordinates
% Node                X                Y                Z

coord = [
1          0.5         -0.5            1
2          0.5         -0.5          0.8
3          0.3         -0.5            1
4          0.5         -0.3            1
5          0.5     -0.33468      0.71913
6      0.32233         -0.5      0.71667
7      0.21667     -0.32233            1
8      0.29761     -0.27144      0.82386
9          0.5     -0.18845      0.81476
10      0.36716     -0.34595      0.68726
11          0.5         -0.5          0.6
12      0.15359         -0.5          0.8
13          0.3     -0.15359            1
14          0.5         -0.1            1
15          0.1         -0.5            1
16      0.13437     -0.34821        0.874
17      0.20022     -0.35234      0.69915
18      0.29737     -0.22176      0.67637
19      0.30054    -0.082788      0.81969
20          0.5     -0.19282          0.6
21       0.1792     -0.19335      0.72447
22      0.32679         -0.5          0.5
23      0.15359         -0.5          0.6
24          0.5     -0.32679          0.5
25          0.1     -0.15359            1
26   3.5547e-12     -0.32679            1
27          0.5    -0.014011      0.75714
28     0.046086     -0.34725      0.73495
29    -0.014011         -0.5      0.75714
30      0.25714     0.014011            1
31      0.40136     0.048993      0.88166
32   -0.0035115     -0.24576      0.84299
33      0.19926     -0.35127      0.50468
34      0.29116    -0.077696      0.62851
35          0.5         -0.5          0.4
36          0.5          0.1            1
37         -0.1         -0.5            1
38     0.076592    -0.088078      0.84732
39     0.060115     -0.37168      0.56306
40      0.32832     -0.24765      0.43861
41      0.13736    -0.039976      0.70502
42      0.33103     0.088383      0.75299
43     -0.13441     -0.36053      0.85374
44          0.5     -0.19282          0.4
45          0.5     -0.34355      0.34039
46          0.5      0.15359          0.8
47      0.21651       -0.125          0.5
48        0.125     -0.21651          0.5
49            0     -0.21651        0.625
50            0       -0.125      0.71651
51      0.15359         -0.5          0.4
52         -0.1     -0.15359            1
53          0.5    -0.019615          0.5
54     -0.18845         -0.5      0.81476
55      0.31476      0.18845            1
56      0.20502     0.039976      0.63736
57    -0.019615         -0.5          0.5
58   5.7456e-12     0.019615            1
59      0.34732    -0.088078      0.42341
60    -0.087328     -0.34997      0.60049
61     0.099128     0.092183      0.85024
62     -0.13338     -0.24698      0.73753
63      0.32233         -0.5      0.28333
64     -0.21667     -0.32233            1
65      0.34732     0.088078      0.57659
66      0.10328     -0.37684      0.37715
67       0.2177     -0.41244      0.31143
68      0.17837     -0.23546      0.37697
69            0        -0.25          0.5
70         0.25  -1.5308e-17          0.5
71            0  -1.5308e-17         0.75
72      0.36308      0.22717      0.81588
73     -0.11501    -0.084352       0.8183
74          0.5      0.15359          0.6
75     -0.19282         -0.5          0.6
76          0.5         -0.5          0.2
77          0.1      0.19282            1
78         -0.3         -0.5            1
79          0.5          0.3            1
80       0.2113      0.23865      0.85093
81     -0.29438      -0.3963      0.86397
82    -0.074185     -0.34903      0.42581
83      0.24659       0.2112      0.64902
84     -0.27549     -0.37248      0.71913
85    -0.076592     0.088078      0.84732
86      0.20502    -0.039976      0.36264
87     -0.28619     -0.24379      0.82285
88            0     -0.21651        0.375
89      0.21651        0.125          0.5
90       -0.125     -0.21651          0.5
91            0        0.125      0.71651
92      0.39165     -0.35385      0.16983
93          0.5     -0.19814      0.20196
94     0.078233      0.22451      0.82929
95       0.3727      0.07614      0.37721
96       0.2166     -0.30085      0.21039
97          0.5      0.32233      0.71667
98      0.15359         -0.5          0.2
99         -0.3     -0.15359            1
100     -0.24659      -0.2112      0.64902
101     -0.33468         -0.5      0.71913
102      0.21913      0.33468            1
103     -0.13736     0.039976      0.70502
104          0.5      0.15359          0.4
105      0.29625    -0.088953      0.23242
106     0.019617     -0.32687      0.26248
107          0.5    -0.014771      0.24314
108      0.13604     -0.16549      0.23949
109      0.34299      0.24576      0.49649
110    -0.014771         -0.5      0.24314
111     -0.25686     0.014771            1
112     -0.19282         -0.5          0.4
113         -0.1      0.19282            1
114     -0.20502    -0.039976      0.63736
115      0.30034      0.38689      0.86973
116      0.25732     0.051897       0.3065
117      0.26504      0.15407      0.38462
118     -0.22575     0.067145      0.82915
119     -0.33618     -0.38245      0.59308
120      0.10455     -0.36913      0.15956
121    -0.066386      0.24425      0.85947
122            0       -0.125      0.28349
123        0.125      0.21651          0.5
124     -0.21651       -0.125          0.5
125            0      0.21651        0.625
126     -0.32577    -0.080607       0.7568
127      0.13736     0.039976      0.29498
128          0.5      0.32679          0.5
129     -0.32679         -0.5          0.5
130   3.5546e-12      0.32679            1
131     -0.14678      0.17824      0.73859
132      0.16493      0.38115      0.74967
133      0.33618      0.38245      0.59308
134      0.16897      -0.2195       0.1081
135     -0.40754     -0.23875      0.67265
136          0.5         -0.5            0
137         -0.5         -0.5            1
138          0.5          0.5            1
139     0.051684      0.39115      0.89513
140      -0.2961     -0.37597       0.4025
141     -0.12373     -0.22855      0.25477
142      0.39925      0.24197      0.31871
143     -0.34299     -0.24576      0.49649
144          0.3         -0.5            0
145          0.5         -0.3            0
146         -0.5         -0.5          0.8
147          0.5          0.5          0.8
148         -0.5         -0.3            1
149          0.3          0.5            1
150     0.017574       -0.426      0.10338
151    0.0020773      0.35307      0.73625
152     0.099128    -0.092183      0.14976
153      -0.2229      -0.1586      0.35172
154            0  -1.5308e-17         0.25
155            0         0.25          0.5
156        -0.25  -1.5308e-17          0.5
157     -0.41813    -0.039603      0.91233
158     -0.34732    -0.088078      0.57659
159          0.5      0.15359          0.2
160     0.074185      0.34903      0.57419
161      0.29004     0.098164      0.17362
162    -0.012015     -0.23194      0.13346
163      0.33468          0.5      0.71913
164     -0.15644      -0.3431       0.1922
165      0.21667     -0.32233            0
166         -0.5     -0.32233      0.71667
167     -0.13736    -0.039976      0.29498
168      0.28772      0.35408      0.41346
169     -0.19814         -0.5      0.20196
170     -0.29804      0.19814            1
171      0.18845          0.5      0.81476
172     -0.34355         -0.5      0.34039
173     -0.15961      0.34355            1
174            0        0.125      0.28349
175            0      0.21651        0.375
176     -0.21651        0.125          0.5
177       -0.125      0.21651          0.5
