
coord = [
    0.0   0.0   0.0;
    0.5   0.0   0.0;
    0.0   1.0   0.0;
    0.5   1.0   0.0;
    1.0   0.5   0.0;
];

connec = [
    1 2;
    1 4;
    2 4;
    3 4;
    4 5;
    2 5;
];

dirichlet = [
    1 1 0;
    1 2 0;
    1 3 0;

    1 4 0;
    1 5 0;
    1 6 0;

    3 1 0;
    3 2 0;
    3 3 0;

    3 4 0;
    3 5 0;
    3 6 0;
    ];

neumann = [
    5 1 0;
    5 2 1;
    5 3 0;

    5 4 0;
    5 5 0;
    5 6 0;
    ];