
coord = [
    0.0   0.0   0.0;
    0.5   0.0   0.0;
    0.0   1.0   0.0;
    0.5   1.0   0.0;
    1.0   0.5   0.0;
];

connec = [
    1 2;
    1 4;
    2 4;
    3 4;
    4 5;
    2 5;
];