%% Data file

Data_prb = {
'TRIANGLE' ;
'SI' ;
'2D' ;
'Plane_Stress' ;
'ELASTIC' ;
'MICRO' ;
};


coord = [
1 0 0 0
2 2 0 0
3 2 1 0
4 0 1 0
5 0.04 0 0
6 0.08 0 0
7 0.12 0 0
8 0.16 0 0
9 0.2 0 0
10 0.24 0 0
11 0.28 0 0
12 0.32 0 0
13 0.36 0 0
14 0.4 0 0
15 0.44 0 0
16 0.48 0 0
17 0.52 0 0
18 0.56 0 0
19 0.6 0 0
20 0.64 0 0
21 0.68 0 0
22 0.72 0 0
23 0.76 0 0
24 0.8 0 0
25 0.84 0 0
26 0.88 0 0
27 0.92 0 0
28 0.96 0 0
29 1 0 0
30 1.04 0 0
31 1.08 0 0
32 1.12 0 0
33 1.16 0 0
34 1.2 0 0
35 1.24 0 0
36 1.28 0 0
37 1.32 0 0
38 1.36 0 0
39 1.4 0 0
40 1.44 0 0
41 1.48 0 0
42 1.52 0 0
43 1.56 0 0
44 1.6 0 0
45 1.64 0 0
46 1.68 0 0
47 1.72 0 0
48 1.76 0 0
49 1.8 0 0
50 1.84 0 0
51 1.88 0 0
52 1.92 0 0
53 1.96 0 0
54 2 0.04 0
55 2 0.08 0
56 2 0.12 0
57 2 0.16 0
58 2 0.2 0
59 2 0.24 0
60 2 0.28 0
61 2 0.32 0
62 2 0.36 0
63 2 0.4 0
64 2 0.44 0
65 2 0.48 0
66 2 0.52 0
67 2 0.56 0
68 2 0.6 0
69 2 0.64 0
70 2 0.68 0
71 2 0.72 0
72 2 0.76 0
73 2 0.8 0
74 2 0.84 0
75 2 0.88 0
76 2 0.92 0
77 2 0.96 0
78 1.96 1 0
79 1.92 1 0
80 1.88 1 0
81 1.84 1 0
82 1.8 1 0
83 1.76 1 0
84 1.72 1 0
85 1.68 1 0
86 1.64 1 0
87 1.6 1 0
88 1.56 1 0
89 1.52 1 0
90 1.48 1 0
91 1.44 1 0
92 1.4 1 0
93 1.36 1 0
94 1.32 1 0
95 1.28 1 0
96 1.24 1 0
97 1.2 1 0
98 1.16 1 0
99 1.12 1 0
100 1.08 1 0
101 1.04 1 0
102 1 1 0
103 0.96 1 0
104 0.92 1 0
105 0.88 1 0
106 0.84 1 0
107 0.8 1 0
108 0.76 1 0
109 0.72 1 0
110 0.68 1 0
111 0.64 1 0
112 0.6 1 0
113 0.56 1 0
114 0.52 1 0
115 0.48 1 0
116 0.44 1 0
117 0.4 1 0
118 0.36 1 0
119 0.32 1 0
120 0.28 1 0
121 0.24 1 0
122 0.2 1 0
123 0.16 1 0
124 0.12 1 0
125 0.08 1 0
126 0.04 1 0
127 0 0.96 0
128 0 0.92 0
129 0 0.88 0
130 0 0.84 0
131 0 0.8 0
132 0 0.76 0
133 0 0.72 0
134 0 0.68 0
135 0 0.64 0
136 0 0.6 0
137 0 0.56 0
138 0 0.52 0
139 0 0.48 0
140 0 0.44 0
141 0 0.4 0
142 0 0.36 0
143 0 0.32 0
144 0 0.28 0
145 0 0.24 0
146 0 0.2 0
147 0 0.16 0
148 0 0.12 0
149 0 0.08 0
150 0 0.04 0
151 0.04 0.04 0
152 0.08 0.04 0
153 0.12 0.04 0
154 0.16 0.04 0
155 0.2 0.04 0
156 0.24 0.04 0
157 0.28 0.04 0
158 0.32 0.04 0
159 0.36 0.04 0
160 0.4 0.04 0
161 0.44 0.04 0
162 0.48 0.04 0
163 0.52 0.04 0
164 0.56 0.04 0
165 0.6 0.04 0
166 0.64 0.04 0
167 0.68 0.04 0
168 0.72 0.04 0
169 0.76 0.04 0
170 0.8 0.04 0
171 0.84 0.04 0
172 0.88 0.04 0
173 0.92 0.04 0
174 0.96 0.04 0
175 1 0.04 0
176 1.04 0.04 0
177 1.08 0.04 0
178 1.12 0.04 0
179 1.16 0.04 0
180 1.2 0.04 0
181 1.24 0.04 0
182 1.28 0.04 0
183 1.32 0.04 0
184 1.36 0.04 0
185 1.4 0.04 0
186 1.44 0.04 0
187 1.48 0.04 0
188 1.52 0.04 0
189 1.56 0.04 0
190 1.6 0.04 0
191 1.64 0.04 0
192 1.68 0.04 0
193 1.72 0.04 0
194 1.76 0.04 0
195 1.8 0.04 0
196 1.84 0.04 0
197 1.88 0.04 0
198 1.92 0.04 0
199 1.96 0.04 0
200 0.04 0.08 0
201 0.08 0.08 0
202 0.12 0.08 0
203 0.16 0.08 0
204 0.2 0.08 0
205 0.24 0.08 0
206 0.28 0.08 0
207 0.32 0.08 0
208 0.36 0.08 0
209 0.4 0.08 0
210 0.44 0.08 0
211 0.48 0.08 0
212 0.52 0.08 0
213 0.56 0.08 0
214 0.6 0.08 0
215 0.64 0.08 0
216 0.68 0.08 0
217 0.72 0.08 0
218 0.76 0.08 0
219 0.8 0.08 0
220 0.84 0.08 0
221 0.88 0.08 0
222 0.92 0.08 0
223 0.96 0.08 0
224 1 0.08 0
225 1.04 0.08 0
226 1.08 0.08 0
227 1.12 0.08 0
228 1.16 0.08 0
229 1.2 0.08 0
230 1.24 0.08 0
231 1.28 0.08 0
232 1.32 0.08 0
233 1.36 0.08 0
234 1.4 0.08 0
235 1.44 0.08 0
236 1.48 0.08 0
237 1.52 0.08 0
238 1.56 0.08 0
239 1.6 0.08 0
240 1.64 0.08 0
241 1.68 0.08 0
242 1.72 0.08 0
243 1.76 0.08 0
244 1.8 0.08 0
245 1.84 0.08 0
246 1.88 0.08 0
247 1.92 0.08 0
248 1.96 0.08 0
249 0.04 0.12 0
250 0.08 0.12 0
251 0.12 0.12 0
252 0.16 0.12 0
253 0.2 0.12 0
254 0.24 0.12 0
255 0.28 0.12 0
256 0.32 0.12 0
257 0.36 0.12 0
258 0.4 0.12 0
259 0.44 0.12 0
260 0.48 0.12 0
261 0.52 0.12 0
262 0.56 0.12 0
263 0.6 0.12 0
264 0.64 0.12 0
265 0.68 0.12 0
266 0.72 0.12 0
267 0.76 0.12 0
268 0.8 0.12 0
269 0.84 0.12 0
270 0.88 0.12 0
271 0.92 0.12 0
272 0.96 0.12 0
273 1 0.12 0
274 1.04 0.12 0
275 1.08 0.12 0
276 1.12 0.12 0
277 1.16 0.12 0
278 1.2 0.12 0
279 1.24 0.12 0
280 1.28 0.12 0
281 1.32 0.12 0
282 1.36 0.12 0
283 1.4 0.12 0
284 1.44 0.12 0
285 1.48 0.12 0
286 1.52 0.12 0
287 1.56 0.12 0
288 1.6 0.12 0
289 1.64 0.12 0
290 1.68 0.12 0
291 1.72 0.12 0
292 1.76 0.12 0
293 1.8 0.12 0
294 1.84 0.12 0
295 1.88 0.12 0
296 1.92 0.12 0
297 1.96 0.12 0
298 0.04 0.16 0
299 0.08 0.16 0
300 0.12 0.16 0
301 0.16 0.16 0
302 0.2 0.16 0
303 0.24 0.16 0
304 0.28 0.16 0
305 0.32 0.16 0
306 0.36 0.16 0
307 0.4 0.16 0
308 0.44 0.16 0
309 0.48 0.16 0
310 0.52 0.16 0
311 0.56 0.16 0
312 0.6 0.16 0
313 0.64 0.16 0
314 0.68 0.16 0
315 0.72 0.16 0
316 0.76 0.16 0
317 0.8 0.16 0
318 0.84 0.16 0
319 0.88 0.16 0
320 0.92 0.16 0
321 0.96 0.16 0
322 1 0.16 0
323 1.04 0.16 0
324 1.08 0.16 0
325 1.12 0.16 0
326 1.16 0.16 0
327 1.2 0.16 0
328 1.24 0.16 0
329 1.28 0.16 0
330 1.32 0.16 0
331 1.36 0.16 0
332 1.4 0.16 0
333 1.44 0.16 0
334 1.48 0.16 0
335 1.52 0.16 0
336 1.56 0.16 0
337 1.6 0.16 0
338 1.64 0.16 0
339 1.68 0.16 0
340 1.72 0.16 0
341 1.76 0.16 0
342 1.8 0.16 0
343 1.84 0.16 0
344 1.88 0.16 0
345 1.92 0.16 0
346 1.96 0.16 0
347 0.04 0.2 0
348 0.08 0.2 0
349 0.12 0.2 0
350 0.16 0.2 0
351 0.2 0.2 0
352 0.24 0.2 0
353 0.28 0.2 0
354 0.32 0.2 0
355 0.36 0.2 0
356 0.4 0.2 0
357 0.44 0.2 0
358 0.48 0.2 0
359 0.52 0.2 0
360 0.56 0.2 0
361 0.6 0.2 0
362 0.64 0.2 0
363 0.68 0.2 0
364 0.72 0.2 0
365 0.76 0.2 0
366 0.8 0.2 0
367 0.84 0.2 0
368 0.88 0.2 0
369 0.92 0.2 0
370 0.96 0.2 0
371 1 0.2 0
372 1.04 0.2 0
373 1.08 0.2 0
374 1.12 0.2 0
375 1.16 0.2 0
376 1.2 0.2 0
377 1.24 0.2 0
378 1.28 0.2 0
379 1.32 0.2 0
380 1.36 0.2 0
381 1.4 0.2 0
382 1.44 0.2 0
383 1.48 0.2 0
384 1.52 0.2 0
385 1.56 0.2 0
386 1.6 0.2 0
387 1.64 0.2 0
388 1.68 0.2 0
389 1.72 0.2 0
390 1.76 0.2 0
391 1.8 0.2 0
392 1.84 0.2 0
393 1.88 0.2 0
394 1.92 0.2 0
395 1.96 0.2 0
396 0.04 0.24 0
397 0.08 0.24 0
398 0.12 0.24 0
399 0.16 0.24 0
400 0.2 0.24 0
401 0.24 0.24 0
402 0.28 0.24 0
403 0.32 0.24 0
404 0.36 0.24 0
405 0.4 0.24 0
406 0.44 0.24 0
407 0.48 0.24 0
408 0.52 0.24 0
409 0.56 0.24 0
410 0.6 0.24 0
411 0.64 0.24 0
412 0.68 0.24 0
413 0.72 0.24 0
414 0.76 0.24 0
415 0.8 0.24 0
416 0.84 0.24 0
417 0.88 0.24 0
418 0.92 0.24 0
419 0.96 0.24 0
420 1 0.24 0
421 1.04 0.24 0
422 1.08 0.24 0
423 1.12 0.24 0
424 1.16 0.24 0
425 1.2 0.24 0
426 1.24 0.24 0
427 1.28 0.24 0
428 1.32 0.24 0
429 1.36 0.24 0
430 1.4 0.24 0
431 1.44 0.24 0
432 1.48 0.24 0
433 1.52 0.24 0
434 1.56 0.24 0
435 1.6 0.24 0
436 1.64 0.24 0
437 1.68 0.24 0
438 1.72 0.24 0
439 1.76 0.24 0
440 1.8 0.24 0
441 1.84 0.24 0
442 1.88 0.24 0
443 1.92 0.24 0
444 1.96 0.24 0
445 0.04 0.28 0
446 0.08 0.28 0
447 0.12 0.28 0
448 0.16 0.28 0
449 0.2 0.28 0
450 0.24 0.28 0
451 0.28 0.28 0
452 0.32 0.28 0
453 0.36 0.28 0
454 0.4 0.28 0
455 0.44 0.28 0
456 0.48 0.28 0
457 0.52 0.28 0
458 0.56 0.28 0
459 0.6 0.28 0
460 0.64 0.28 0
461 0.68 0.28 0
462 0.72 0.28 0
463 0.76 0.28 0
464 0.8 0.28 0
465 0.84 0.28 0
466 0.88 0.28 0
467 0.92 0.28 0
468 0.96 0.28 0
469 1 0.28 0
470 1.04 0.28 0
471 1.08 0.28 0
472 1.12 0.28 0
473 1.16 0.28 0
474 1.2 0.28 0
475 1.24 0.28 0
476 1.28 0.28 0
477 1.32 0.28 0
478 1.36 0.28 0
479 1.4 0.28 0
480 1.44 0.28 0
481 1.48 0.28 0
482 1.52 0.28 0
483 1.56 0.28 0
484 1.6 0.28 0
485 1.64 0.28 0
486 1.68 0.28 0
487 1.72 0.28 0
488 1.76 0.28 0
489 1.8 0.28 0
490 1.84 0.28 0
491 1.88 0.28 0
492 1.92 0.28 0
493 1.96 0.28 0
494 0.04 0.32 0
495 0.08 0.32 0
496 0.12 0.32 0
497 0.16 0.32 0
498 0.2 0.32 0
499 0.24 0.32 0
500 0.28 0.32 0
501 0.32 0.32 0
502 0.36 0.32 0
503 0.4 0.32 0
504 0.44 0.32 0
505 0.48 0.32 0
506 0.52 0.32 0
507 0.56 0.32 0
508 0.6 0.32 0
509 0.64 0.32 0
510 0.68 0.32 0
511 0.72 0.32 0
512 0.76 0.32 0
513 0.8 0.32 0
514 0.84 0.32 0
515 0.88 0.32 0
516 0.92 0.32 0
517 0.96 0.32 0
518 1 0.32 0
519 1.04 0.32 0
520 1.08 0.32 0
521 1.12 0.32 0
522 1.16 0.32 0
523 1.2 0.32 0
524 1.24 0.32 0
525 1.28 0.32 0
526 1.32 0.32 0
527 1.36 0.32 0
528 1.4 0.32 0
529 1.44 0.32 0
530 1.48 0.32 0
531 1.52 0.32 0
532 1.56 0.32 0
533 1.6 0.32 0
534 1.64 0.32 0
535 1.68 0.32 0
536 1.72 0.32 0
537 1.76 0.32 0
538 1.8 0.32 0
539 1.84 0.32 0
