%% Data file

Data_prb = {
'TRIANGLE' ;
'SI' ;
'2D' ;
'Plane_Stress' ;
'ELASTIC' ;
'MICRO' ;
};


coord = [
1 0 0 0
2 1.42857 0 0
3 1.42857 0.7 0
4 0 0.7 0
5 0.0396825 0 0
6 0.0793651 0 0
7 0.119048 0 0
8 0.15873 0 0
9 0.198413 0 0
10 0.238095 0 0
11 0.277778 0 0
12 0.31746 0 0
13 0.357143 0 0
14 0.396825 0 0
15 0.436508 0 0
16 0.47619 0 0
17 0.515873 0 0
18 0.555556 0 0
19 0.595238 0 0
20 0.634921 0 0
21 0.674603 0 0
22 0.714286 0 0
23 0.753968 0 0
24 0.793651 0 0
25 0.833333 0 0
26 0.873016 0 0
27 0.912698 0 0
28 0.952381 0 0
29 0.992063 0 0
30 1.03175 0 0
31 1.07143 0 0
32 1.11111 0 0
33 1.15079 0 0
34 1.19048 0 0
35 1.23016 0 0
36 1.26984 0 0
37 1.30952 0 0
38 1.34921 0 0
39 1.38889 0 0
40 1.42857 0.0388889 0
41 1.42857 0.0777778 0
42 1.42857 0.116667 0
43 1.42857 0.155556 0
44 1.42857 0.194444 0
45 1.42857 0.233333 0
46 1.42857 0.272222 0
47 1.42857 0.311111 0
48 1.42857 0.35 0
49 1.42857 0.388889 0
50 1.42857 0.427778 0
51 1.42857 0.466667 0
52 1.42857 0.505556 0
53 1.42857 0.544444 0
54 1.42857 0.583333 0
55 1.42857 0.622222 0
56 1.42857 0.661111 0
57 1.38889 0.7 0
58 1.34921 0.7 0
59 1.30952 0.7 0
60 1.26984 0.7 0
61 1.23016 0.7 0
62 1.19048 0.7 0
63 1.15079 0.7 0
64 1.11111 0.7 0
65 1.07143 0.7 0
66 1.03175 0.7 0
67 0.992063 0.7 0
68 0.952381 0.7 0
69 0.912698 0.7 0
70 0.873016 0.7 0
71 0.833333 0.7 0
72 0.793651 0.7 0
73 0.753968 0.7 0
74 0.714286 0.7 0
75 0.674603 0.7 0
76 0.634921 0.7 0
77 0.595238 0.7 0
78 0.555556 0.7 0
79 0.515873 0.7 0
80 0.47619 0.7 0
81 0.436508 0.7 0
82 0.396825 0.7 0
83 0.357143 0.7 0
84 0.31746 0.7 0
85 0.277778 0.7 0
86 0.238095 0.7 0
87 0.198413 0.7 0
88 0.15873 0.7 0
89 0.119048 0.7 0
90 0.0793651 0.7 0
91 0.0396825 0.7 0
92 0 0.661111 0
93 0 0.622222 0
94 0 0.583333 0
95 0 0.544444 0
96 0 0.505556 0
97 0 0.466667 0
98 0 0.427778 0
99 0 0.388889 0
100 0 0.35 0
101 0 0.311111 0
102 0 0.272222 0
103 0 0.233333 0
104 0 0.194444 0
105 0 0.155556 0
106 0 0.116667 0
107 0 0.0777778 0
108 0 0.0388889 0
109 0.0396825 0.0388889 0
110 0.0793651 0.0388889 0
111 0.119048 0.0388889 0
112 0.15873 0.0388889 0
113 0.198413 0.0388889 0
114 0.238095 0.0388889 0
115 0.277778 0.0388889 0
116 0.31746 0.0388889 0
117 0.357143 0.0388889 0
118 0.396825 0.0388889 0
119 0.436508 0.0388889 0
120 0.47619 0.0388889 0
121 0.515873 0.0388889 0
122 0.555556 0.0388889 0
123 0.595238 0.0388889 0
124 0.634921 0.0388889 0
125 0.674603 0.0388889 0
126 0.714286 0.0388889 0
127 0.753968 0.0388889 0
128 0.793651 0.0388889 0
129 0.833333 0.0388889 0
130 0.873016 0.0388889 0
131 0.912698 0.0388889 0
132 0.952381 0.0388889 0
133 0.992063 0.0388889 0
134 1.03175 0.0388889 0
135 1.07143 0.0388889 0
136 1.11111 0.0388889 0
137 1.15079 0.0388889 0
138 1.19048 0.0388889 0
139 1.23016 0.0388889 0
140 1.26984 0.0388889 0
141 1.30952 0.0388889 0
142 1.34921 0.0388889 0
143 1.38889 0.0388889 0
144 0.0396825 0.0777778 0
145 0.0793651 0.0777778 0
146 0.119048 0.0777778 0
147 0.15873 0.0777778 0
148 0.198413 0.0777778 0
149 0.238095 0.0777778 0
150 0.277778 0.0777778 0
151 0.31746 0.0777778 0
152 0.357143 0.0777778 0
153 0.396825 0.0777778 0
154 0.436508 0.0777778 0
155 0.47619 0.0777778 0
156 0.515873 0.0777778 0
157 0.555556 0.0777778 0
158 0.595238 0.0777778 0
159 0.634921 0.0777778 0
160 0.674603 0.0777778 0
161 0.714286 0.0777778 0
162 0.753968 0.0777778 0
163 0.793651 0.0777778 0
164 0.833333 0.0777778 0
165 0.873016 0.0777778 0
166 0.912698 0.0777778 0
167 0.952381 0.0777778 0
168 0.992063 0.0777778 0
169 1.03175 0.0777778 0
170 1.07143 0.0777778 0
171 1.11111 0.0777778 0
172 1.15079 0.0777778 0
173 1.19048 0.0777778 0
174 1.23016 0.0777778 0
175 1.26984 0.0777778 0
176 1.30952 0.0777778 0
177 1.34921 0.0777778 0
178 1.38889 0.0777778 0
179 0.0396825 0.116667 0
180 0.0793651 0.116667 0
181 0.119048 0.116667 0
182 0.15873 0.116667 0
183 0.198413 0.116667 0
184 0.238095 0.116667 0
185 0.277778 0.116667 0
186 0.31746 0.116667 0
187 0.357143 0.116667 0
188 0.396825 0.116667 0
189 0.436508 0.116667 0
190 0.47619 0.116667 0
191 0.515873 0.116667 0
192 0.555556 0.116667 0
193 0.595238 0.116667 0
194 0.634921 0.116667 0
195 0.674603 0.116667 0
196 0.714286 0.116667 0
197 0.753968 0.116667 0
198 0.793651 0.116667 0
199 0.833333 0.116667 0
200 0.873016 0.116667 0
201 0.912698 0.116667 0
202 0.952381 0.116667 0
203 0.992063 0.116667 0
204 1.03175 0.116667 0
205 1.07143 0.116667 0
206 1.11111 0.116667 0
207 1.15079 0.116667 0
208 1.19048 0.116667 0
209 1.23016 0.116667 0
210 1.26984 0.116667 0
211 1.30952 0.116667 0
212 1.34921 0.116667 0
213 1.38889 0.116667 0
214 0.0396825 0.155556 0
215 0.0793651 0.155556 0
216 0.119048 0.155556 0
217 0.15873 0.155556 0
218 0.198413 0.155556 0
219 0.238095 0.155556 0
220 0.277778 0.155556 0
221 0.31746 0.155556 0
222 0.357143 0.155556 0
223 0.396825 0.155556 0
224 0.436508 0.155556 0
225 0.47619 0.155556 0
226 0.515873 0.155556 0
227 0.555556 0.155556 0
228 0.595238 0.155556 0
229 0.634921 0.155556 0
230 0.674603 0.155556 0
231 0.714286 0.155556 0
232 0.753968 0.155556 0
233 0.793651 0.155556 0
234 0.833333 0.155556 0
235 0.873016 0.155556 0
236 0.912698 0.155556 0
237 0.952381 0.155556 0
238 0.992063 0.155556 0
239 1.03175 0.155556 0
240 1.07143 0.155556 0
241 1.11111 0.155556 0
242 1.15079 0.155556 0
243 1.19048 0.155556 0
244 1.23016 0.155556 0
245 1.26984 0.155556 0
246 1.30952 0.155556 0
247 1.34921 0.155556 0
248 1.38889 0.155556 0
249 0.0396825 0.194444 0
250 0.0793651 0.194444 0
251 0.119048 0.194444 0
252 0.15873 0.194444 0
253 0.198413 0.194444 0
254 0.238095 0.194444 0
255 0.277778 0.194444 0
256 0.31746 0.194444 0
257 0.357143 0.194444 0
258 0.396825 0.194444 0
259 0.436508 0.194444 0
260 0.47619 0.194444 0
261 0.515873 0.194444 0
262 0.555556 0.194444 0
263 0.595238 0.194444 0
264 0.634921 0.194444 0
265 0.674603 0.194444 0
266 0.714286 0.194444 0
267 0.753968 0.194444 0
268 0.793651 0.194444 0
269 0.833333 0.194444 0
270 0.873016 0.194444 0
271 0.912698 0.194444 0
272 0.952381 0.194444 0
273 0.992063 0.194444 0
274 1.03175 0.194444 0
275 1.07143 0.194444 0
276 1.11111 0.194444 0
277 1.15079 0.194444 0
278 1.19048 0.194444 0
279 1.23016 0.194444 0
280 1.26984 0.194444 0
281 1.30952 0.194444 0
282 1.34921 0.194444 0
283 1.38889 0.194444 0
284 0.0396825 0.233333 0
285 0.0793651 0.233333 0
286 0.119048 0.233333 0
287 0.15873 0.233333 0
288 0.198413 0.233333 0
289 0.238095 0.233333 0
290 0.277778 0.233333 0
291 0.31746 0.233333 0
292 0.357143 0.233333 0
293 0.396825 0.233333 0
294 0.436508 0.233333 0
295 0.47619 0.233333 0
296 0.515873 0.233333 0
297 0.555556 0.233333 0
298 0.595238 0.233333 0
299 0.634921 0.233333 0
300 0.674603 0.233333 0
301 0.714286 0.233333 0
302 0.753968 0.233333 0
303 0.793651 0.233333 0
304 0.833333 0.233333 0
305 0.873016 0.233333 0
306 0.912698 0.233333 0
307 0.952381 0.233333 0
308 0.992063 0.233333 0
309 1.03175 0.233333 0
310 1.07143 0.233333 0
311 1.11111 0.233333 0
312 1.15079 0.233333 0
313 1.19048 0.233333 0
314 1.23016 0.233333 0
315 1.26984 0.233333 0
316 1.30952 0.233333 0
317 1.34921 0.233333 0
318 1.38889 0.233333 0
319 0.0396825 0.272222 0
320 0.0793651 0.272222 0
321 0.119048 0.272222 0
322 0.15873 0.272222 0
323 0.198413 0.272222 0
324 0.238095 0.272222 0
325 0.277778 0.272222 0
326 0.31746 0.272222 0
327 0.357143 0.272222 0
328 0.396825 0.272222 0
329 0.436508 0.272222 0
330 0.47619 0.272222 0
331 0.515873 0.272222 0
332 0.555556 0.272222 0
333 0.595238 0.272222 0
334 0.634921 0.272222 0
335 0.674603 0.272222 0
336 0.714286 0.272222 0
337 0.753968 0.272222 0
338 0.793651 0.272222 0
339 0.833333 0.272222 0
340 0.873016 0.272222 0
341 0.912698 0.272222 0
342 0.952381 0.272222 0
343 0.992063 0.272222 0
344 1.03175 0.272222 0
345 1.07143 0.272222 0
346 1.11111 0.272222 0
347 1.15079 0.272222 0
348 1.19048 0.272222 0
349 1.23016 0.272222 0
350 1.26984 0.272222 0
351 1.30952 0.272222 0
352 1.34921 0.272222 0
353 1.38889 0.272222 0
354 0.0396825 0.311111 0
355 0.0793651 0.311111 0
356 0.119048 0.311111 0
357 0.15873 0.311111 0
358 0.198413 0.311111 0
359 0.238095 0.311111 0
