%% Data file

Data_prb = {
'TRIANGLE' ;
'SI' ;
'2D' ;
'Plane_Stress' ;
'ELASTIC' ;
'MICRO' ;
};


coord = [
1 0 0 0
2 1 0 0
3 1 1 0
4 0 1 0
5 0.04 0 0
6 0.08 0 0
7 0.12 0 0
8 0.16 0 0
9 0.2 0 0
10 0.24 0 0
11 0.28 0 0
12 0.32 0 0
13 0.36 0 0
14 0.4 0 0
15 0.44 0 0
16 0.48 0 0
17 0.52 0 0
18 0.56 0 0
19 0.6 0 0
20 0.64 0 0
21 0.68 0 0
22 0.72 0 0
23 0.76 0 0
24 0.8 0 0
25 0.84 0 0
26 0.88 0 0
27 0.92 0 0
28 0.96 0 0
29 1 0.04 0
30 1 0.08 0
31 1 0.12 0
32 1 0.16 0
33 1 0.2 0
34 1 0.24 0
35 1 0.28 0
36 1 0.32 0
37 1 0.36 0
38 1 0.4 0
39 1 0.44 0
40 1 0.48 0
41 1 0.52 0
42 1 0.56 0
43 1 0.6 0
44 1 0.64 0
45 1 0.68 0
46 1 0.72 0
47 1 0.76 0
48 1 0.8 0
49 1 0.84 0
50 1 0.88 0
51 1 0.92 0
52 1 0.96 0
53 0.96 1 0
54 0.92 1 0
55 0.88 1 0
56 0.84 1 0
57 0.8 1 0
58 0.76 1 0
59 0.72 1 0
60 0.68 1 0
61 0.64 1 0
62 0.6 1 0
63 0.56 1 0
64 0.52 1 0
65 0.48 1 0
66 0.44 1 0
67 0.4 1 0
68 0.36 1 0
69 0.32 1 0
70 0.28 1 0
71 0.24 1 0
72 0.2 1 0
73 0.16 1 0
74 0.12 1 0
75 0.08 1 0
76 0.04 1 0
77 0 0.96 0
78 0 0.92 0
79 0 0.88 0
80 0 0.84 0
81 0 0.8 0
82 0 0.76 0
83 0 0.72 0
84 0 0.68 0
85 0 0.64 0
86 0 0.6 0
87 0 0.56 0
88 0 0.52 0
89 0 0.48 0
90 0 0.44 0
91 0 0.4 0
92 0 0.36 0
93 0 0.32 0
94 0 0.28 0
95 0 0.24 0
96 0 0.2 0
97 0 0.16 0
98 0 0.12 0
99 0 0.08 0
100 0 0.04 0
101 0.04 0.04 0
102 0.08 0.04 0
103 0.12 0.04 0
104 0.16 0.04 0
105 0.2 0.04 0
106 0.24 0.04 0
107 0.28 0.04 0
108 0.32 0.04 0
109 0.36 0.04 0
110 0.4 0.04 0
111 0.44 0.04 0
112 0.48 0.04 0
113 0.52 0.04 0
114 0.56 0.04 0
115 0.6 0.04 0
116 0.64 0.04 0
117 0.68 0.04 0
118 0.72 0.04 0
119 0.76 0.04 0
120 0.8 0.04 0
121 0.84 0.04 0
122 0.88 0.04 0
123 0.92 0.04 0
124 0.96 0.04 0
125 0.04 0.08 0
126 0.08 0.08 0
127 0.12 0.08 0
128 0.16 0.08 0
129 0.2 0.08 0
130 0.24 0.08 0
131 0.28 0.08 0
132 0.32 0.08 0
133 0.36 0.08 0
134 0.4 0.08 0
135 0.44 0.08 0
136 0.48 0.08 0
137 0.52 0.08 0
138 0.56 0.08 0
139 0.6 0.08 0
140 0.64 0.08 0
141 0.68 0.08 0
142 0.72 0.08 0
143 0.76 0.08 0
144 0.8 0.08 0
145 0.84 0.08 0
146 0.88 0.08 0
147 0.92 0.08 0
148 0.96 0.08 0
149 0.04 0.12 0
150 0.08 0.12 0
151 0.12 0.12 0
152 0.16 0.12 0
153 0.2 0.12 0
154 0.24 0.12 0
155 0.28 0.12 0
156 0.32 0.12 0
157 0.36 0.12 0
158 0.4 0.12 0
159 0.44 0.12 0
160 0.48 0.12 0
161 0.52 0.12 0
162 0.56 0.12 0
163 0.6 0.12 0
164 0.64 0.12 0
165 0.68 0.12 0
166 0.72 0.12 0
167 0.76 0.12 0
168 0.8 0.12 0
169 0.84 0.12 0
170 0.88 0.12 0
171 0.92 0.12 0
172 0.96 0.12 0
173 0.04 0.16 0
174 0.08 0.16 0
175 0.12 0.16 0
176 0.16 0.16 0
177 0.2 0.16 0
178 0.24 0.16 0
179 0.28 0.16 0
180 0.32 0.16 0
181 0.36 0.16 0
182 0.4 0.16 0
183 0.44 0.16 0
184 0.48 0.16 0
185 0.52 0.16 0
186 0.56 0.16 0
187 0.6 0.16 0
188 0.64 0.16 0
189 0.68 0.16 0
190 0.72 0.16 0
191 0.76 0.16 0
192 0.8 0.16 0
193 0.84 0.16 0
194 0.88 0.16 0
195 0.92 0.16 0
196 0.96 0.16 0
197 0.04 0.2 0
198 0.08 0.2 0
199 0.12 0.2 0
200 0.16 0.2 0
201 0.2 0.2 0
202 0.24 0.2 0
203 0.28 0.2 0
204 0.32 0.2 0
205 0.36 0.2 0
206 0.4 0.2 0
207 0.44 0.2 0
208 0.48 0.2 0
209 0.52 0.2 0
210 0.56 0.2 0
211 0.6 0.2 0
212 0.64 0.2 0
213 0.68 0.2 0
214 0.72 0.2 0
215 0.76 0.2 0
216 0.8 0.2 0
217 0.84 0.2 0
218 0.88 0.2 0
219 0.92 0.2 0
220 0.96 0.2 0
221 0.04 0.24 0
222 0.08 0.24 0
223 0.12 0.24 0
224 0.16 0.24 0
225 0.2 0.24 0
226 0.24 0.24 0
227 0.28 0.24 0
228 0.32 0.24 0
229 0.36 0.24 0
230 0.4 0.24 0
231 0.44 0.24 0
232 0.48 0.24 0
233 0.52 0.24 0
234 0.56 0.24 0
235 0.6 0.24 0
236 0.64 0.24 0
237 0.68 0.24 0
238 0.72 0.24 0
239 0.76 0.24 0
240 0.8 0.24 0
241 0.84 0.24 0
242 0.88 0.24 0
243 0.92 0.24 0
244 0.96 0.24 0
245 0.04 0.28 0
246 0.08 0.28 0
247 0.12 0.28 0
248 0.16 0.28 0
249 0.2 0.28 0
250 0.24 0.28 0
251 0.28 0.28 0
252 0.32 0.28 0
253 0.36 0.28 0
254 0.4 0.28 0
255 0.44 0.28 0
256 0.48 0.28 0
257 0.52 0.28 0
258 0.56 0.28 0
259 0.6 0.28 0
260 0.64 0.28 0
261 0.68 0.28 0
262 0.72 0.28 0
263 0.76 0.28 0
264 0.8 0.28 0
265 0.84 0.28 0
266 0.88 0.28 0
267 0.92 0.28 0
268 0.96 0.28 0
269 0.04 0.32 0
270 0.08 0.32 0
271 0.12 0.32 0
272 0.16 0.32 0
273 0.2 0.32 0
274 0.24 0.32 0
275 0.28 0.32 0
276 0.32 0.32 0
277 0.36 0.32 0
278 0.4 0.32 0
279 0.44 0.32 0
280 0.48 0.32 0
281 0.52 0.32 0
282 0.56 0.32 0
283 0.6 0.32 0
284 0.64 0.32 0
285 0.68 0.32 0
286 0.72 0.32 0
287 0.76 0.32 0
288 0.8 0.32 0
289 0.84 0.32 0
290 0.88 0.32 0
291 0.92 0.32 0
292 0.96 0.32 0
293 0.04 0.36 0
294 0.08 0.36 0
295 0.12 0.36 0
296 0.16 0.36 0
297 0.2 0.36 0
298 0.24 0.36 0
299 0.28 0.36 0
300 0.32 0.36 0
301 0.36 0.36 0
302 0.4 0.36 0
303 0.44 0.36 0
304 0.48 0.36 0
305 0.52 0.36 0
306 0.56 0.36 0
307 0.6 0.36 0
308 0.64 0.36 0
309 0.68 0.36 0
310 0.72 0.36 0
311 0.76 0.36 0
312 0.8 0.36 0
313 0.84 0.36 0
314 0.88 0.36 0
315 0.92 0.36 0
316 0.96 0.36 0
317 0.04 0.4 0
318 0.08 0.4 0
319 0.12 0.4 0
320 0.16 0.4 0
321 0.2 0.4 0
322 0.24 0.4 0
323 0.28 0.4 0
324 0.32 0.4 0
325 0.36 0.4 0
326 0.4 0.4 0
327 0.44 0.4 0
328 0.48 0.4 0
329 0.52 0.4 0
330 0.56 0.4 0
331 0.6 0.4 0
332 0.64 0.4 0
333 0.68 0.4 0
334 0.72 0.4 0
335 0.76 0.4 0
336 0.8 0.4 0
337 0.84 0.4 0
338 0.88 0.4 0
339 0.92 0.4 0
340 0.96 0.4 0
341 0.04 0.44 0
342 0.08 0.44 0
343 0.12 0.44 0
344 0.16 0.44 0
345 0.2 0.44 0
346 0.24 0.44 0
347 0.28 0.44 0
348 0.32 0.44 0
349 0.36 0.44 0
350 0.4 0.44 0
351 0.44 0.44 0
352 0.48 0.44 0
353 0.52 0.44 0
354 0.56 0.44 0
355 0.6 0.44 0
356 0.64 0.44 0
357 0.68 0.44 0
358 0.72 0.44 0
359 0.76 0.44 0
360 0.8 0.44 0
361 0.84 0.44 0
362 0.88 0.44 0
363 0.92 0.44 0
364 0.96 0.44 0
365 0.04 0.48 0
366 0.08 0.48 0
367 0.12 0.48 0
368 0.16 0.48 0
369 0.2 0.48 0
370 0.24 0.48 0
371 0.28 0.48 0
372 0.32 0.48 0
373 0.36 0.48 0
374 0.4 0.48 0
375 0.44 0.48 0
376 0.48 0.48 0
377 0.52 0.48 0
378 0.56 0.48 0
379 0.6 0.48 0
380 0.64 0.48 0
381 0.68 0.48 0
382 0.72 0.48 0
383 0.76 0.48 0
384 0.8 0.48 0
385 0.84 0.48 0
386 0.88 0.48 0
387 0.92 0.48 0
388 0.96 0.48 0
389 0.04 0.52 0
390 0.08 0.52 0
391 0.12 0.52 0
392 0.16 0.52 0
393 0.2 0.52 0
394 0.24 0.52 0
395 0.28 0.52 0
396 0.32 0.52 0
397 0.36 0.52 0
398 0.4 0.52 0
399 0.44 0.52 0
400 0.48 0.52 0
401 0.52 0.52 0
402 0.56 0.52 0
403 0.6 0.52 0
404 0.64 0.52 0
405 0.68 0.52 0
406 0.72 0.52 0
407 0.76 0.52 0
408 0.8 0.52 0
409 0.84 0.52 0
410 0.88 0.52 0
411 0.92 0.52 0
412 0.96 0.52 0
413 0.04 0.56 0
414 0.08 0.56 0
415 0.12 0.56 0
416 0.16 0.56 0
417 0.2 0.56 0
418 0.24 0.56 0
419 0.28 0.56 0
420 0.32 0.56 0
421 0.36 0.56 0
422 0.4 0.56 0
423 0.44 0.56 0
424 0.48 0.56 0
425 0.52 0.56 0
426 0.56 0.56 0
427 0.6 0.56 0
428 0.64 0.56 0
429 0.68 0.56 0
430 0.72 0.56 0
431 0.76 0.56 0
432 0.8 0.56 0
433 0.84 0.56 0
434 0.88 0.56 0
435 0.92 0.56 0
436 0.96 0.56 0
437 0.04 0.6 0
438 0.08 0.6 0
439 0.12 0.6 0
440 0.16 0.6 0
441 0.2 0.6 0
442 0.24 0.6 0
443 0.28 0.6 0
444 0.32 0.6 0
445 0.36 0.6 0
446 0.4 0.6 0
447 0.44 0.6 0
448 0.48 0.6 0
449 0.52 0.6 0
450 0.56 0.6 0
451 0.6 0.6 0
452 0.64 0.6 0
453 0.68 0.6 0
454 0.72 0.6 0
455 0.76 0.6 0
456 0.8 0.6 0
457 0.84 0.6 0
458 0.88 0.6 0
459 0.92 0.6 0
460 0.96 0.6 0
461 0.04 0.64 0
462 0.08 0.64 0
463 0.12 0.64 0
464 0.16 0.64 0
465 0.2 0.64 0
466 0.24 0.64 0
467 0.28 0.64 0
468 0.32 0.64 0
469 0.36 0.64 0
470 0.4 0.64 0
471 0.44 0.64 0
472 0.48 0.64 0
473 0.52 0.64 0
474 0.56 0.64 0
475 0.6 0.64 0
476 0.64 0.64 0
477 0.68 0.64 0
478 0.72 0.64 0
479 0.76 0.64 0
480 0.8 0.64 0
481 0.84 0.64 0
482 0.88 0.64 0
483 0.92 0.64 0
484 0.96 0.64 0
485 0.04 0.68 0
486 0.08 0.68 0
487 0.12 0.68 0
488 0.16 0.68 0
489 0.2 0.68 0
490 0.24 0.68 0
491 0.28 0.68 0
492 0.32 0.68 0
493 0.36 0.68 0
494 0.4 0.68 0
495 0.44 0.68 0
496 0.48 0.68 0
497 0.52 0.68 0
498 0.56 0.68 0
499 0.6 0.68 0
500 0.64 0.68 0
501 0.68 0.68 0
502 0.72 0.68 0
503 0.76 0.68 0
504 0.8 0.68 0
505 0.84 0.68 0
506 0.88 0.68 0
507 0.92 0.68 0
508 0.96 0.68 0
509 0.04 0.72 0
510 0.08 0.72 0
511 0.12 0.72 0
512 0.16 0.72 0
513 0.2 0.72 0
514 0.24 0.72 0
515 0.28 0.72 0
516 0.32 0.72 0
517 0.36 0.72 0
518 0.4 0.72 0
519 0.44 0.72 0
520 0.48 0.72 0
521 0.52 0.72 0
522 0.56 0.72 0
523 0.6 0.72 0
524 0.64 0.72 0
525 0.68 0.72 0
526 0.72 0.72 0
527 0.76 0.72 0
528 0.8 0.72 0
529 0.84 0.72 0
