%==================================================================
%                        General Data File
% Title: Default_title
% Units: SI
% Dimensions: 3D
% Type of problem: Plane_Stress
% Type of Phisics: ELASTIC
% Micro/Macro: MACRO
%
%==================================================================

%% Data

Data_prb = {
'Default_title';
'SI';
'3D';
'Plane_Stress';
'ELASTIC';
'MACRO';
};

%% Coordinates
% Node                X                Y                Z

gidcoord = [
1            0            1            1
2         0.25            1            1
3            0            1         0.75
4            0         0.75            1
5      0.34926       0.7658            1
6        0.272      0.82213      0.72078
7        0.375            1      0.78349
8            0      0.78349        0.625
9      0.21651            1        0.625
10            0       0.5951       0.7817
11       0.2183       0.5683            1
12          0.5            1            1
13            0            1          0.5
14            0          0.5            1
15      0.14494      0.81366      0.50997
16      0.43855      0.69483      0.87348
17      0.16208      0.45894      0.82156
18      0.31671      0.57947      0.71483
19      0.25474       0.6845      0.51518
20       0.2183            1       0.4049
21       0.2678      0.58406      0.58884
22      0.47836      0.71497      0.64865
23       0.4012      0.90557      0.48566
24        0.625            1      0.78349
25            0      0.78349        0.375
26        0.625      0.78349            1
27            0       0.3424       0.7689
28          0.5            1      0.50748
29      0.23148      0.33604            1
30            0      0.49252          0.5
31      0.50226      0.49303            1
32       0.5173      0.53645       0.8148
33      0.17831      0.75963      0.34186
34      0.21343      0.43159      0.60041
35         0.75            1            1
36            0            1         0.25
37            0         0.25            1
38      0.37092      0.36602       0.7747
39      0.25337      0.53857       0.3998
40      0.35114      0.66197      0.35057
41      0.73278      0.80608      0.69041
42      0.47916      0.46675      0.60086
43      0.66665      0.59488       0.7454
44      0.40036      0.49023      0.48335
45      0.63115      0.88955      0.45495
46      0.51173      0.67983      0.40412
47       0.4827      0.82561      0.30746
48      0.78349        0.625            1
49        0.375            1      0.21651
50      0.13795      0.14593      0.85757
51       0.8445        0.811       0.8445
52      0.17009       0.6421      0.21428
53            0       0.5951       0.2183
54      0.11286      0.82916       0.1436
55      0.78134            1      0.58917
56            0      0.21681       0.5817
57      0.29052      0.82601      0.16913
58       0.4183       0.2049            1
59      0.25776      0.17806      0.71184
60      0.69491      0.65256      0.52647
61      0.59488      0.33335       0.7454
62      0.26497      0.32354      0.40611
63      0.48196      0.18611      0.80201
64        0.446      0.24096      0.59918
65      0.73823      0.48005       0.6454
66            0      0.41083      0.21866
67      0.39967      0.50739      0.25371
68       0.7817       0.4049            1
69       0.7817            1       0.4049
70            0            1            0
71            0            0            1
72            1            1            1
73      0.31138      0.14992      0.57512
74      0.84703      0.49589      0.82749
75        0.625            1      0.21651
76        0.625      0.21651            1
77      0.85435      0.81366      0.49803
78            0      0.22836      0.34173
79      0.88811      0.64476      0.64772
80       0.1932      0.35985       0.2186
81      0.73409      0.80506      0.30471
82         0.25            1            0
83            0         0.75            0
84            0            0         0.75
85         0.25            0            1
86            1         0.75            1
87            1            1         0.75
88      0.50709      0.84718      0.11392
89      0.41734      0.64255      0.12076
90      0.70152      0.50161      0.42122
91      0.62912      0.71307      0.21978
92      0.58303      0.49939      0.29381
93      0.65256      0.30509      0.52647
94      0.48386      0.30055      0.34602
95      0.22702            0       0.6592
96      0.34926       0.7658            0
97            1        0.625      0.78349
98            1      0.78349        0.625
99       0.4049            0       0.7817
100       0.2183       0.5683            0
101          0.5            1            0
102            0          0.5            0
103            0            0          0.5
104          0.5            0            1
105            1          0.5            1
106            1            1          0.5
107      0.63101      0.12361      0.66301
108      0.80608      0.26722      0.69041
109      0.89218      0.60116      0.42377
110      0.35266      0.11568      0.37164
111      0.31912      0.25612      0.19504
112       0.2049            0       0.4183
113      0.58814            0      0.78238
114            1       0.7817       0.4049
115      0.78505      0.12836      0.83879
116      0.87006      0.36776      0.49703
117      0.58287      0.16265      0.38996
118      0.11279      0.18733      0.13566
119      0.50946      0.36154      0.12741
120            1        0.375      0.78349
121        0.625      0.78349            0
122      0.77992       0.8394      0.10212
123      0.78622      0.62187      0.17167
124            1          0.5      0.50748
125      0.23148      0.33604            0
126      0.65769      0.56331     0.065875
127      0.50229            0      0.50519
128      0.50226      0.49303            0
129         0.75            1            0
130            0         0.25            0
131            0            0         0.25
132         0.75            0            1
133            1         0.25            1
134            1            1         0.25
135      0.81366      0.14565      0.49803
136      0.70187      0.27036      0.20751
137      0.51443      0.14047      0.18634
138      0.80506      0.26591      0.30471
139      0.77043            0      0.65948
140      0.34703            0      0.23167
141      0.78349        0.625            0
142            1        0.625      0.21651
143            1      0.21866      0.58917
144       0.4183       0.2049            0
145      0.78216            0      0.41934
146       0.7817       0.4049            0
147            1       0.2183       0.4049
148            0            0            0
149            1            1            0
150            1            0            1
151        0.625      0.21651            0
152            1        0.375      0.21651
153      0.64691            0      0.23437
154         0.25            0            0
155            1         0.75            0
156            1            0         0.75
157      0.84207      0.14026      0.11532
158          0.5            0            0
159            1          0.5            0
160            1            0          0.5
161         0.75            0            0
162            1         0.25            0
163            1            0         0.25
164            1            0            0
];

%% Conectivities
% Element        Node(1)                Node(2)                Node(3)                Node(4)                Material

