coord = [
1            2            1            0
2         1.95         0.95            0
3            2          0.9            0
4          1.9            1            0
5          1.9          0.9            0
6         1.85         0.95            0
7         1.95         0.85            0
8          1.8            1            0
9            2          0.8            0
10         1.85         0.85            0
11          1.8          0.9            0
12          1.9          0.8            0
13         1.95         0.75            0
14         1.75         0.95            0
15          1.8          0.8            0
16         1.85         0.75            0
17         1.75         0.85            0
18            2          0.7            0
19          1.7            1            0
20          1.9          0.7            0
21          1.7          0.9            0
22         1.95         0.65            0
23         1.65         0.95            0
24         1.75         0.75            0
25          1.8          0.7            0
26          1.7          0.8            0
27         1.85         0.65            0
28         1.65         0.85            0
29          1.6            1            0
30            2          0.6            0
31          1.9          0.6            0
32          1.6          0.9            0
33          1.7          0.7            0
34         1.75         0.65            0
35         1.65         0.75            0
36          1.8          0.6            0
37          1.6          0.8            0
38         1.95         0.55            0
39         1.55         0.95            0
40         1.85         0.55            0
41         1.55         0.85            0
42         1.65         0.65            0
43          1.6          0.7            0
44          1.7          0.6            0
45            2          0.5            0
46          1.5            1            0
47          1.9          0.5            0
48          1.5          0.9            0
49         1.55         0.75            0
50         1.75         0.55            0
51          1.5          0.8            0
52          1.8          0.5            0
53         1.45         0.95            0
54         1.95         0.45            0
55          1.6          0.6            0
56         1.65         0.55            0
57         1.85         0.45            0
58         1.55         0.65            0
59         1.45         0.85            0
60          1.5          0.7            0
61          1.7          0.5            0
62            2          0.4            0
63          1.4            1            0
64         1.75         0.45            0
65         1.45         0.75            0
66          1.9          0.4            0
67          1.4          0.9            0
68          1.8          0.4            0
69          1.4          0.8            0
70         1.55         0.55            0
71          1.6          0.5            0
72          1.5          0.6            0
73         1.65         0.45            0
74         1.95         0.35            0
75         1.35         0.95            0
76         1.45         0.65            0
77         1.85         0.35            0
78         1.35         0.85            0
79          1.7          0.4            0
80          1.4          0.7            0
81         1.75         0.35            0
82         1.35         0.75            0
83            2          0.3            0
84          1.3            1            0
85          1.5          0.5            0
86          1.9          0.3            0
87          1.3          0.9            0
88         1.55         0.45            0
89         1.45         0.55            0
90          1.6          0.4            0
91          1.4          0.6            0
92          1.8          0.3            0
93          1.3          0.8            0
94         1.65         0.35            0
95         1.35         0.65            0
96         1.95         0.25            0
97         1.25         0.95            0
98          1.7          0.3            0
99          1.3          0.7            0
100         1.85         0.25            0
101         1.25         0.85            0
102         1.45         0.45            0
103          1.4          0.5            0
104          1.5          0.4            0
105         1.55         0.35            0
106         1.35         0.55            0
107         1.75         0.25            0
108         1.25         0.75            0
109          1.2            1            0
110            2          0.2            0
111          1.6          0.3            0
112          1.2          0.9            0
113          1.9          0.2            0
114          1.3          0.6            0
115          1.8          0.2            0
116          1.2          0.8            0
117         1.65         0.25            0
118         1.25         0.65            0
119          1.4          0.4            0
120         1.35         0.45            0
121         1.95         0.15            0
122         1.15         0.95            0
123         1.45         0.35            0
124          1.2          0.7            0
125          1.7          0.2            0
126          1.3          0.5            0
127          1.5          0.3            0
128         1.85         0.15            0
129         1.15         0.85            0
130         1.25         0.55            0
131         1.55         0.25            0
132         1.75         0.15            0
133         1.15         0.75            0
134          1.2          0.6            0
135          1.6          0.2            0
136          1.1            1            0
137            2          0.1            0
138          1.9          0.1            0
139          1.1          0.9            0
140         1.65         0.15            0
141         1.15         0.65            0
142         1.35         0.35            0
143          1.8          0.1            0
144          1.3          0.4            0
145          1.4          0.3            0
146          1.1          0.8            0
147         1.25         0.45            0
148         1.45         0.25            0
149          1.2          0.5            0
150          1.5          0.2            0
151          1.7          0.1            0
152          1.1          0.7            0
153         1.05         0.95            0
154         1.95         0.05            0
155         1.85         0.05            0
156         1.15         0.55            0
157         1.55         0.15            0
158         1.05         0.85            0
159         1.75         0.05            0
160         1.05         0.75            0
161          1.6          0.1            0
162          1.1          0.6            0
163          1.3          0.3            0
164         1.25         0.35            0
165         1.35         0.25            0
166            1            1            0
167            2            0            0
168          1.2          0.4            0
169          1.4          0.2            0
170            1          0.9            0
171          1.9            0            0
172         1.15         0.45            0
173         1.65         0.05            0
174         1.05         0.65            0
175         1.45         0.15            0
176          1.8            0            0
177            1          0.8            0
178          1.1          0.5            0
179          1.5          0.1            0
180          1.7            0            0
181            1          0.7            0
182         0.95         0.95            0
183         1.55         0.05            0
184         1.05         0.55            0
185         1.25         0.25            0
186         0.95         0.85            0
187          1.2          0.3            0
188          1.3          0.2            0
