%% Data
Data_prb = {
'TRIANGLE';
'SI';
'2D';
'Plane_Stress';
'ELASTIC';
'MACRO';
};
%% Coordinates
% Node
gidcoord = [
1 0.000000 0.000000 0.000000;
2 0.000000 0.034483 0.000000;
3 0.000000 0.068966 0.000000;
4 0.000000 0.103448 0.000000;
5 0.000000 0.137931 0.000000;
6 0.000000 0.172414 0.000000;
7 0.000000 0.206897 0.000000;
8 0.000000 0.241379 0.000000;
9 0.000000 0.275862 0.000000;
10 0.000000 0.310345 0.000000;
11 0.000000 0.344828 0.000000;
12 0.000000 0.379310 0.000000;
13 0.000000 0.413793 0.000000;
14 0.000000 0.448276 0.000000;
15 0.000000 0.482759 0.000000;
16 0.000000 0.517241 0.000000;
17 0.000000 0.551724 0.000000;
18 0.000000 0.586207 0.000000;
19 0.000000 0.620690 0.000000;
20 0.000000 0.655172 0.000000;
21 0.000000 0.689655 0.000000;
22 0.000000 0.724138 0.000000;
23 0.000000 0.758621 0.000000;
24 0.000000 0.793103 0.000000;
25 0.000000 0.827586 0.000000;
26 0.000000 0.862069 0.000000;
27 0.000000 0.896552 0.000000;
28 0.000000 0.931034 0.000000;
29 0.000000 0.965517 0.000000;
30 0.000000 1.000000 0.000000;
31 0.068966 0.000000 0.000000;
32 0.068966 0.034483 0.000000;
33 0.068966 0.068966 0.000000;
34 0.068966 0.103448 0.000000;
35 0.068966 0.137931 0.000000;
36 0.068966 0.172414 0.000000;
37 0.068966 0.206897 0.000000;
38 0.068966 0.241379 0.000000;
39 0.068966 0.275862 0.000000;
40 0.068966 0.310345 0.000000;
41 0.068966 0.344828 0.000000;
42 0.068966 0.379310 0.000000;
43 0.068966 0.413793 0.000000;
44 0.068966 0.448276 0.000000;
45 0.068966 0.482759 0.000000;
46 0.068966 0.517241 0.000000;
47 0.068966 0.551724 0.000000;
48 0.068966 0.586207 0.000000;
49 0.068966 0.620690 0.000000;
50 0.068966 0.655172 0.000000;
51 0.068966 0.689655 0.000000;
52 0.068966 0.724138 0.000000;
53 0.068966 0.758621 0.000000;
54 0.068966 0.793103 0.000000;
55 0.068966 0.827586 0.000000;
56 0.068966 0.862069 0.000000;
57 0.068966 0.896552 0.000000;
58 0.068966 0.931034 0.000000;
59 0.068966 0.965517 0.000000;
60 0.068966 1.000000 0.000000;
61 0.137931 0.000000 0.000000;
62 0.137931 0.034483 0.000000;
63 0.137931 0.068966 0.000000;
64 0.137931 0.103448 0.000000;
65 0.137931 0.137931 0.000000;
66 0.137931 0.172414 0.000000;
67 0.137931 0.206897 0.000000;
68 0.137931 0.241379 0.000000;
69 0.137931 0.275862 0.000000;
70 0.137931 0.310345 0.000000;
71 0.137931 0.344828 0.000000;
72 0.137931 0.379310 0.000000;
73 0.137931 0.413793 0.000000;
74 0.137931 0.448276 0.000000;
75 0.137931 0.482759 0.000000;
76 0.137931 0.517241 0.000000;
77 0.137931 0.551724 0.000000;
78 0.137931 0.586207 0.000000;
79 0.137931 0.620690 0.000000;
80 0.137931 0.655172 0.000000;
81 0.137931 0.689655 0.000000;
82 0.137931 0.724138 0.000000;
83 0.137931 0.758621 0.000000;
84 0.137931 0.793103 0.000000;
85 0.137931 0.827586 0.000000;
86 0.137931 0.862069 0.000000;
87 0.137931 0.896552 0.000000;
88 0.137931 0.931034 0.000000;
89 0.137931 0.965517 0.000000;
90 0.137931 1.000000 0.000000;
91 0.206897 0.000000 0.000000;
92 0.206897 0.034483 0.000000;
93 0.206897 0.068966 0.000000;
94 0.206897 0.103448 0.000000;
95 0.206897 0.137931 0.000000;
96 0.206897 0.172414 0.000000;
97 0.206897 0.206897 0.000000;
98 0.206897 0.241379 0.000000;
99 0.206897 0.275862 0.000000;
100 0.206897 0.310345 0.000000;
101 0.206897 0.344828 0.000000;
102 0.206897 0.379310 0.000000;
103 0.206897 0.413793 0.000000;
104 0.206897 0.448276 0.000000;
105 0.206897 0.482759 0.000000;
106 0.206897 0.517241 0.000000;
107 0.206897 0.551724 0.000000;
108 0.206897 0.586207 0.000000;
109 0.206897 0.620690 0.000000;
110 0.206897 0.655172 0.000000;
111 0.206897 0.689655 0.000000;
112 0.206897 0.724138 0.000000;
113 0.206897 0.758621 0.000000;
114 0.206897 0.793103 0.000000;
115 0.206897 0.827586 0.000000;
116 0.206897 0.862069 0.000000;
117 0.206897 0.896552 0.000000;
118 0.206897 0.931034 0.000000;
119 0.206897 0.965517 0.000000;
120 0.206897 1.000000 0.000000;
121 0.275862 0.000000 0.000000;
122 0.275862 0.034483 0.000000;
123 0.275862 0.068966 0.000000;
124 0.275862 0.103448 0.000000;
125 0.275862 0.137931 0.000000;
126 0.275862 0.172414 0.000000;
127 0.275862 0.206897 0.000000;
128 0.275862 0.241379 0.000000;
129 0.275862 0.275862 0.000000;
130 0.275862 0.310345 0.000000;
131 0.275862 0.344828 0.000000;
132 0.275862 0.379310 0.000000;
133 0.275862 0.413793 0.000000;
134 0.275862 0.448276 0.000000;
135 0.275862 0.482759 0.000000;
136 0.275862 0.517241 0.000000;
137 0.275862 0.551724 0.000000;
138 0.275862 0.586207 0.000000;
139 0.275862 0.620690 0.000000;
140 0.275862 0.655172 0.000000;
141 0.275862 0.689655 0.000000;
142 0.275862 0.724138 0.000000;
143 0.275862 0.758621 0.000000;
144 0.275862 0.793103 0.000000;
145 0.275862 0.827586 0.000000;
146 0.275862 0.862069 0.000000;
147 0.275862 0.896552 0.000000;
148 0.275862 0.931034 0.000000;
149 0.275862 0.965517 0.000000;
150 0.275862 1.000000 0.000000;
151 0.344828 0.000000 0.000000;
152 0.344828 0.034483 0.000000;
153 0.344828 0.068966 0.000000;
154 0.344828 0.103448 0.000000;
155 0.344828 0.137931 0.000000;
156 0.344828 0.172414 0.000000;
157 0.344828 0.206897 0.000000;
158 0.344828 0.241379 0.000000;
159 0.344828 0.275862 0.000000;
160 0.344828 0.310345 0.000000;
161 0.344828 0.344828 0.000000;
162 0.344828 0.379310 0.000000;
163 0.344828 0.413793 0.000000;
164 0.344828 0.448276 0.000000;
165 0.344828 0.482759 0.000000;
166 0.344828 0.517241 0.000000;
167 0.344828 0.551724 0.000000;
168 0.344828 0.586207 0.000000;
169 0.344828 0.620690 0.000000;
170 0.344828 0.655172 0.000000;
171 0.344828 0.689655 0.000000;
172 0.344828 0.724138 0.000000;
173 0.344828 0.758621 0.000000;
174 0.344828 0.793103 0.000000;
175 0.344828 0.827586 0.000000;
176 0.344828 0.862069 0.000000;
177 0.344828 0.896552 0.000000;
178 0.344828 0.931034 0.000000;
179 0.344828 0.965517 0.000000;
180 0.344828 1.000000 0.000000;
181 0.413793 0.000000 0.000000;
182 0.413793 0.034483 0.000000;
183 0.413793 0.068966 0.000000;
184 0.413793 0.103448 0.000000;
185 0.413793 0.137931 0.000000;
186 0.413793 0.172414 0.000000;
187 0.413793 0.206897 0.000000;
188 0.413793 0.241379 0.000000;
189 0.413793 0.275862 0.000000;
190 0.413793 0.310345 0.000000;
191 0.413793 0.344828 0.000000;
192 0.413793 0.379310 0.000000;
193 0.413793 0.413793 0.000000;
194 0.413793 0.448276 0.000000;
195 0.413793 0.482759 0.000000;
196 0.413793 0.517241 0.000000;
197 0.413793 0.551724 0.000000;
198 0.413793 0.586207 0.000000;
199 0.413793 0.620690 0.000000;
200 0.413793 0.655172 0.000000;
201 0.413793 0.689655 0.000000;
202 0.413793 0.724138 0.000000;
203 0.413793 0.758621 0.000000;
204 0.413793 0.793103 0.000000;
205 0.413793 0.827586 0.000000;
206 0.413793 0.862069 0.000000;
207 0.413793 0.896552 0.000000;
208 0.413793 0.931034 0.000000;
209 0.413793 0.965517 0.000000;
210 0.413793 1.000000 0.000000;
211 0.482759 0.000000 0.000000;
212 0.482759 0.034483 0.000000;
213 0.482759 0.068966 0.000000;
214 0.482759 0.103448 0.000000;
215 0.482759 0.137931 0.000000;
216 0.482759 0.172414 0.000000;
217 0.482759 0.206897 0.000000;
218 0.482759 0.241379 0.000000;
219 0.482759 0.275862 0.000000;
220 0.482759 0.310345 0.000000;
221 0.482759 0.344828 0.000000;
222 0.482759 0.379310 0.000000;
223 0.482759 0.413793 0.000000;
224 0.482759 0.448276 0.000000;
225 0.482759 0.482759 0.000000;
226 0.482759 0.517241 0.000000;
227 0.482759 0.551724 0.000000;
228 0.482759 0.586207 0.000000;
229 0.482759 0.620690 0.000000;
230 0.482759 0.655172 0.000000;
231 0.482759 0.689655 0.000000;
232 0.482759 0.724138 0.000000;
233 0.482759 0.758621 0.000000;
234 0.482759 0.793103 0.000000;
235 0.482759 0.827586 0.000000;
236 0.482759 0.862069 0.000000;
237 0.482759 0.896552 0.000000;
238 0.482759 0.931034 0.000000;
239 0.482759 0.965517 0.000000;
240 0.482759 1.000000 0.000000;
241 0.551724 0.000000 0.000000;
242 0.551724 0.034483 0.000000;
243 0.551724 0.068966 0.000000;
244 0.551724 0.103448 0.000000;
245 0.551724 0.137931 0.000000;
246 0.551724 0.172414 0.000000;
247 0.551724 0.206897 0.000000;
248 0.551724 0.241379 0.000000;
249 0.551724 0.275862 0.000000;
