%==================================================================
%                        General Data File
% Title: Default_title
% Units: SI
% Dimensions: 3D
% Type of problem: Plane_Stress
% Type of Phisics: ELASTIC
% Micro/Macro: MACRO
%
%==================================================================

%% Data

Data_prb = {
'Default_title';
'SI';
'3D';
'Plane_Stress';
'ELASTIC';
'MACRO';
};

%% Coordinates
% Node                X                Y                Z

coord = [
1      0.70711      0.70711            0
2      0.42426      0.70711            0
3      0.70711      0.42426            0
4      0.70711      0.70711      0.30769
5      0.46263      0.51224      0.14781
6      0.52486      0.42653       0.3509
7      0.28284      0.70711      0.25981
8       0.4473      0.28284            0
9      0.70711      0.28284      0.25981
10       0.2401      0.45716            0
11      0.45316      0.70711      0.50181
12      0.70711      0.14142            0
13      0.14142      0.70711            0
14      0.56089      0.52108      0.52447
15      0.70711      0.44032      0.51392
16      0.35468       0.3074      0.22904
17      0.36022      0.50686      0.43114
18      0.70711      0.70711      0.61538
19      0.12717      0.53719      0.22361
20      0.53793      0.12306      0.33413
21      0.19006      0.19521            0
22      0.56317      0.18804      0.51717
23      0.15748      0.70711      0.51392
24       0.4473   3.3307e-16            0
25   3.3307e-16       0.4473            0
26      0.70711            0      0.25981
27            0      0.70711      0.25981
28      0.47055      0.43218      0.66508
29      0.35658      0.25671      0.50021
30      0.70711      0.14142      0.51962
31      0.11874      0.38207      0.41218
32      0.34066        0.576      0.68754
33     0.037991      0.29902       0.1629
34       0.1842      0.14876      0.31684
35       0.3832      0.70711      0.76944
36      0.70711     -0.14142            0
37     -0.14142      0.70711            0
38      0.70711      0.36263      0.77743
39      0.57997      0.55931      0.85209
40      0.15735      0.38578      0.62645
41     -0.11396      0.47263      0.31163
42      0.43566    -0.016573      0.48973
43      0.70711      0.70711      0.92308
44      0.52039     -0.14031      0.33085
45      0.54766     0.099014      0.71752
46      0.28045      0.49516      0.86432
47    -0.087973      0.50745      0.55794
48      0.25922     -0.14271      0.25795
49     -0.14142      0.70711      0.51962
50      0.12677      0.13367      0.58416
51      0.54501      0.29841       0.9024
52      0.19318     -0.15748            0
53      0.70711     -0.15748      0.51392
54   -0.0069815     0.013684      0.17473
55      0.70711     -0.28284      0.25981
56     -0.28284      0.70711      0.25981
57     -0.28284       0.4473            0
58       0.4473     -0.28284            0
59      -0.1184      0.32479      0.49381
60      0.34621     0.075596      0.73735
61    -0.076299      0.15102      0.40129
62     0.012976      0.70711      0.77653
63     0.066669      0.49713      0.79459
64      0.47233      0.70711       1.0237
65     -0.23108      0.25288      0.17155
66     -0.18749      0.14142            0
67      0.70711    -0.012976      0.77653
68     0.060015    -0.064637      0.38341
69      0.70711      0.42762       1.0518
70      0.13933     -0.24375      0.17827
71       0.1442      0.28542      0.88092
72      0.43746      0.47398       1.0701
73      0.70711     -0.42426            0
74     -0.42426      0.70711            0
75      0.52192     -0.32587      0.48088
76      0.17224      0.70711       1.0317
77     -0.09051       0.3657      0.77468
78      0.70711      0.12779       1.0417
79      0.16872     -0.12224      0.67169
80      0.41564     0.053479       0.9738
81      0.19247      0.47483       1.0727
82      0.37174      -0.4463      0.19789
83     -0.42499      0.34129      0.27092
84      0.70711      0.70711       1.2308
85     -0.36161      0.16959      0.31933
86      0.23288     -0.36275      0.40807
87     -0.50717      0.52406      0.18305
88      0.40052     -0.25576         0.73
89    -0.086777    -0.029315      0.63796
90      0.24123     -0.46037            0
91     -0.44032      0.70711      0.51392
92      0.52896       0.2272        1.153
93      0.70711     -0.45316      0.50181
94     -0.21648      0.56378       0.8538
95     -0.46637      0.23088            0
96     0.055944     0.040387      0.86103
97     -0.18836     -0.20109            0
98     -0.36661      0.48028      0.65285
99      -0.2239      0.13498      0.66298
100     -0.19804     -0.14196      0.41351
101    -0.064869      0.40171       1.0142
102    -0.019769     -0.34091      0.33708
103      0.37986      0.70711       1.2787
104     -0.36263      0.70711      0.77743
105       0.2589      0.20159       1.1473
106      0.70711      -0.3832      0.76944
107     -0.12779      0.70711       1.0417
108       0.5932      0.55481       1.3266
109    -0.084886      0.14275      0.92743
110      -0.4473            0            0
111            0      -0.4473            0
112    -0.023377     -0.28367      0.56578
113      0.70711     -0.17224       1.0317
114      0.70711      0.29202       1.2921
115     -0.39988    -0.065512      0.24347
116      0.40191     -0.45844      0.65831
117      0.22126     -0.19913      0.92915
118      0.12755     -0.53826      0.22361
119     -0.54026       0.1241      0.22361
120     -0.70711      0.70711            0
121      0.70711     -0.70711            0
122     -0.30129      0.30977      0.91119
123      0.16049     -0.38714       0.7396
124      0.25485    -0.051096       1.1278
125     -0.39465    -0.017942      0.55848
126      0.52222     -0.29365       1.0108
127     -0.50212      0.20928      0.59607
128     -0.70711      0.42426            0
129      0.42426     -0.70711            0
130      0.33132      0.49939       1.3775
131      -0.2923     -0.31477      0.22361
132     -0.70711      0.70711      0.30769
133      0.70711     -0.70711      0.30769
134     0.030878      0.70711       1.2963
135      0.41032    0.0013258       1.2703
136    -0.076285      0.53233       1.2544
137      0.16631     -0.51753      0.65303
138     -0.05656     -0.23497      0.86732
139      0.70711    -0.030878       1.2963
140     -0.70711      0.28284      0.25981
141      0.28284     -0.70711      0.25981
142      0.15884      0.32424       1.3436
143     -0.17825    -0.060048      0.93831
144     -0.48161      0.51552      0.90096
145      0.38683     -0.43983      0.91874
146     -0.24123     -0.46037            0
147     -0.51773    -0.058447      0.42683
148      0.58796     -0.53848      0.84404
149   6.8557e-17     -0.54767      0.45431
150     -0.30256      0.50167       1.1058
151     -0.31827    -0.093395      0.77045
152     -0.22823     -0.40158      0.43456
153     -0.12755     -0.53826      0.22361
154      -0.4473     -0.28284            0
155     -0.28171     -0.24949      0.64976
156     -0.70711      0.45316      0.50181
157     -0.70711      0.14142            0
158      0.14142     -0.70711            0
159      0.44032     -0.70711      0.51392
160      0.70711      0.70711       1.5385
161     -0.70711      0.70711      0.61538
162      0.70711     -0.70711      0.61538
163     -0.42762      0.70711       1.0518
164     -0.54121      0.24764       0.8106
165      0.70711     -0.47233       1.0237
166     -0.44771     -0.25575      0.43295
167      -0.1253       0.1957       1.2332
168     0.025806     -0.17234       1.1191
169      0.70711      0.41017       1.5711
170     0.038418     -0.02241       1.2582
171      0.47631     -0.22388       1.2816
172     -0.70711      0.15748      0.51392
173     -0.70711            0      0.25981
174            0     -0.70711      0.25981
175    -0.044477      0.40729       1.3871
176      0.14142     -0.70711      0.51962
177     -0.41086      0.14642       1.0241
