%==================================================================
%                        General Data File
% Title: Default_title
% Units: SI
% Dimensions: 2D
% Type of problem: Plane_Stress
% Type of Phisics: ELASTIC
% Micro/Macro: MACRO
%
%==================================================================

%% Data

Data_prb = {
'Default_title';
'SI';
'2D';
'Plane_Stress';
'ELASTIC';
'MACRO';
};

%% Coordinates
% Node                X                Y                Z

coord = [
1            0            1            0
2         0.05            1            0
3            0         0.95            0
4         0.05         0.95            0
5            0          0.9            0
6          0.1            1            0
7         0.05          0.9            0
8          0.1         0.95            0
9          0.1          0.9            0
10         0.15            1            0
11            0         0.85            0
12         0.15         0.95            0
13         0.05         0.85            0
14         0.15          0.9            0
15          0.1         0.85            0
16            0          0.8            0
17          0.2            1            0
18          0.2         0.95            0
19         0.05          0.8            0
20         0.15         0.85            0
21          0.1          0.8            0
22          0.2          0.9            0
23         0.15          0.8            0
24         0.25            1            0
25            0         0.75            0
26          0.2         0.85            0
27         0.05         0.75            0
28         0.25         0.95            0
29         0.25          0.9            0
30          0.1         0.75            0
31          0.2          0.8            0
32         0.25         0.85            0
33         0.15         0.75            0
34          0.3            1            0
35            0          0.7            0
36         0.05          0.7            0
37          0.3         0.95            0
38          0.3          0.9            0
39          0.1          0.7            0
40         0.25          0.8            0
41          0.2         0.75            0
42          0.3         0.85            0
43         0.15          0.7            0
44         0.35            1            0
45            0         0.65            0
46         0.25         0.75            0
47         0.05         0.65            0
48         0.35         0.95            0
49          0.2          0.7            0
50          0.3          0.8            0
51         0.35          0.9            0
52          0.1         0.65            0
53         0.35         0.85            0
54         0.15         0.65            0
55         0.25          0.7            0
56          0.3         0.75            0
57          0.4            1            0
58            0          0.6            0
59         0.35          0.8            0
60          0.2         0.65            0
61          0.4         0.95            0
62         0.05          0.6            0
63          0.4          0.9            0
64          0.1          0.6            0
65          0.3          0.7            0
66          0.4         0.85            0
67         0.15          0.6            0
68         0.35         0.75            0
69         0.25         0.65            0
70          0.4          0.8            0
71          0.2          0.6            0
72            0         0.55            0
73         0.45            1            0
74         0.45         0.95            0
75         0.05         0.55            0
76          0.1         0.55            0
77         0.45          0.9            0
78          0.3         0.65            0
79         0.35          0.7            0
80          0.4         0.75            0
81         0.25          0.6            0
82         0.45         0.85            0
83         0.15         0.55            0
84          0.2         0.55            0
85         0.45          0.8            0
86         0.35         0.65            0
87            0          0.5            0
88          0.5            1            0
89          0.4          0.7            0
90          0.3          0.6            0
91          0.5         0.95            0
92         0.05          0.5            0
93          0.5          0.9            0
94          0.1          0.5            0
95         0.45         0.75            0
96         0.25         0.55            0
97          0.5         0.85            0
98         0.15          0.5            0
99          0.4         0.65            0
100         0.35          0.6            0
101          0.2          0.5            0
102          0.5          0.8            0
103          0.3         0.55            0
104         0.45          0.7            0
105         0.55            1            0
106            0         0.45            0
107         0.05         0.45            0
108         0.55         0.95            0
109          0.1         0.45            0
110         0.25          0.5            0
111          0.5         0.75            0
112         0.55          0.9            0
113          0.4          0.6            0
114         0.55         0.85            0
115         0.15         0.45            0
116         0.45         0.65            0
117         0.35         0.55            0
118          0.3          0.5            0
119          0.5          0.7            0
120          0.2         0.45            0
121         0.55          0.8            0
122          0.6            1            0
123            0          0.4            0
124          0.6         0.95            0
125         0.05          0.4            0
126         0.45          0.6            0
127          0.4         0.55            0
128         0.55         0.75            0
129         0.25         0.45            0
130          0.6          0.9            0
131          0.1          0.4            0
132         0.35          0.5            0
133          0.5         0.65            0
134          0.6         0.85            0
135         0.15          0.4            0
136         0.55          0.7            0
137          0.3         0.45            0
138          0.6          0.8            0
139          0.2          0.4            0
140         0.45         0.55            0
141          0.4          0.5            0
142          0.5          0.6            0
143          0.6         0.75            0
144         0.65            1            0
145            0         0.35            0
146         0.25          0.4            0
147         0.65         0.95            0
148         0.35         0.45            0
149         0.55         0.65            0
150         0.05         0.35            0
151          0.1         0.35            0
152         0.65          0.9            0
153         0.15         0.35            0
154         0.65         0.85            0
155          0.3          0.4            0
156          0.6          0.7            0
157         0.45          0.5            0
158          0.5         0.55            0
159         0.55          0.6            0
160          0.4         0.45            0
161         0.65          0.8            0
162          0.2         0.35            0
163          0.6         0.65            0
164         0.35          0.4            0
165         0.65         0.75            0
166         0.25         0.35            0
167          0.7            1            0
168            0          0.3            0
169          0.7         0.95            0
170         0.05          0.3            0
171          0.7          0.9            0
172          0.5          0.5            0
173          0.1          0.3            0
174         0.45         0.45            0
175         0.55         0.55            0
176          0.7         0.85            0
177         0.15          0.3            0
