%==================================================================
%                        General Data File
% Title: Default_title
% Units: SI
% Dimensions: 3D
% Type of problem: Plane_Stress
% Type of Phisics: ELASTIC
% Micro/Macro: MACRO
%
%==================================================================

%% Data

Data_prb = {
'Default_title';
'SI';
'3D';
'Plane_Stress';
'ELASTIC';
'MACRO';
};

%% Coordinates
% Node                X                Y                Z

coord = [
1      0.70711     -0.70711            0
2      0.70711     -0.42426            0
3      0.42426     -0.70711            0
4      0.70711     -0.70711      0.28571
5       0.4473     -0.28284            0
6      0.28284     -0.70711      0.25981
7      0.70711     -0.28284      0.25981
8      0.24123     -0.46037            0
9      0.70711     -0.46037      0.46903
10      0.45716     -0.70711      0.47017
11      0.14142     -0.70711            0
12      0.70711     -0.14142            0
13      0.70711     -0.70711      0.57143
14      0.46497     -0.31176      0.41317
15      0.28887     -0.29309      0.24399
16      0.14142     -0.44657      0.34641
17      0.70711     -0.19207      0.51068
18      0.34863     -0.43107      0.56802
19      0.19318     -0.15748            0
20            0      -0.4473            0
21            0     -0.70711      0.25981
22      0.70711            0      0.25981
23       0.4473   3.3307e-16            0
24      0.70711      -0.4473      0.71429
25       0.4473     -0.70711      0.71429
26      0.14142     -0.70711      0.51962
27     -0.14142     -0.70711            0
28      0.70711      0.14142            0
29      0.70711     -0.70711      0.85714
30      0.48565     0.091398      0.37105
31      0.19459     -0.11675      0.48165
32      0.26806     0.044262      0.29568
33    0.0022833     -0.12423      0.20031
34     -0.24123     -0.46037            0
35      0.70711      0.14142      0.51962
36      0.18749     -0.70711      0.85714
37     -0.28284     -0.70711      0.25981
38      0.70711      0.28284      0.25981
39       0.4473      0.28284            0
40     -0.18836     -0.20109            0
41       0.4473     -0.70711            1
42      0.70711      -0.4473            1
43     -0.19207     -0.70711      0.51068
44      0.70711     -0.10331      0.84153
45      0.19006      0.19521            0
46    -0.043614     -0.37732      0.70504
47      -0.2923     -0.31477      0.24078
48      0.29574      -0.4282      0.99208
49     -0.31176     -0.46497      0.41317
50      0.29249      0.31173       0.2411
51     -0.42426     -0.70711            0
52      0.70711      0.42426            0
53      0.70711     -0.70711       1.1429
54     -0.10331     -0.70711      0.84153
55    -0.037721      0.16837      0.23708
56      0.42798      0.30992       0.6249
57      -0.4473     -0.28284            0
58     -0.18749      0.14142            0
59      0.70711      0.18749      0.85714
60      0.41595     -0.34411       1.1639
61       0.2401      0.45716            0
62      0.18749     -0.70711       1.1429
63      0.70711      0.45716      0.47017
64     -0.46037     -0.70711      0.46903
65      0.41044     0.090558      0.94718
66      0.31176      0.46497      0.41317
67       0.4473     -0.70711       1.2857
68      0.70711      -0.4473       1.2857
69     -0.13919      0.12593      0.56691
70     -0.43107     -0.34863      0.56802
71     -0.44657     -0.14142      0.34641
72      0.70711     -0.13775       1.2061
73   3.3307e-16       0.4473            0
74      -0.4473            0            0
75    0.0019086    -0.028979        0.939
76      -0.4473     -0.70711      0.71429
77      0.70711       0.4473      0.71429
78     -0.36705       0.1241      0.24442
79     0.050514      0.33136      0.63796
80       0.4453       0.3607      0.85714
81     -0.70711     -0.70711            0
82      0.70711      0.70711            0
83      0.70711     -0.70711       1.4286
84     -0.70711     -0.42426            0
85      0.42426      0.70711            0
86     -0.70711     -0.70711      0.28571
87      0.70711      0.70711      0.28571
88      0.70711      0.18749       1.1429
89     -0.13775     -0.70711       1.2061
90      -0.4453      -0.3607      0.85714
91     -0.18995      0.42635      0.35642
92     -0.70711     -0.28284      0.25981
93      0.28284      0.70711      0.25981
94     -0.37403      0.04282      0.72322
95     -0.46637      0.23088            0
96      0.46037      0.70711      0.46903
97     -0.70711     -0.45716      0.47017
98     -0.28284       0.4473            0
99     -0.70711     -0.14142            0
100      0.14142      0.70711            0
101     -0.70711     -0.70711      0.57143
102      0.70711      0.70711      0.57143
103      -0.4473     -0.70711            1
104      0.70711       0.4473            1
105      0.45716     -0.70711       1.5298
106      0.70711     -0.46037        1.531
107       0.1663      0.30984       1.0809
108      0.01398     -0.47548       1.4006
109      0.70711     -0.19781       1.4973
110      0.14142     -0.70711       1.4804
111       0.4453       0.3607       1.1429
112      0.19207      0.70711      0.51068
113     -0.41044    -0.090558      0.94718
114     -0.70711            0      0.25981
115            0      0.70711      0.25981
116     -0.70711      -0.4473      0.71429
117       0.4473      0.70711      0.71429
118     -0.46497      0.31176      0.41317
119     -0.70711     -0.14142      0.51962
120    -0.061378     -0.22988       1.3641
121       0.2581     -0.48174       1.5596
122     -0.70711      0.14142            0
123     -0.14142      0.70711            0
124     -0.34863      0.43107      0.56802
125     -0.70711     -0.70711      0.85714
126      0.70711      0.70711      0.85714
127      -0.4453      -0.3607       1.1429
128      0.47023     -0.29894       1.6055
129     -0.10683        0.123       1.2306
130      0.70711      0.14142       1.4804
131      0.70711     -0.70711       1.7143
132      0.46032    -0.014452       1.5586
133      -0.4473     -0.70711       1.2857
134      0.70711       0.4473       1.2857
135     -0.14142      0.70711      0.51962
136     -0.70711     -0.18749      0.85714
137     -0.70711      0.28284      0.25981
138     -0.28284      0.70711      0.25981
139     -0.19781     -0.70711       1.4973
140     -0.70711      -0.4473            1
141       0.4473      0.70711            1
142     -0.70711      0.19207      0.51068
143      0.10331      0.70711      0.84153
144      0.28284     -0.70711       1.7402
145      0.70711     -0.28284       1.7402
146     -0.21748      0.48457      0.97623
147     -0.70711      0.42426            0
148     -0.42426      0.70711            0
149     -0.70711     -0.70711       1.1429
150      0.70711      0.70711       1.1429
151     -0.70711      0.10331      0.84153
152    -0.063722      0.39029       1.2764
153      0.28163     -0.23256       1.7615
154      0.21551      0.29913       1.5057
155            0     -0.70711       1.7402
156      0.70711            0       1.7402
157     -0.18749      0.70711      0.85714
158      0.36849       0.4576        1.438
159     -0.39367     -0.33289       1.4866
160      0.05006      0.41456       1.3683
161     -0.70711     -0.18749       1.1429
162     -0.45716      0.70711      0.47017
163     -0.70711      0.46037      0.46903
164     -0.26662     -0.50539       1.6121
165      0.48207      0.29216        1.607
166      0.10378     -0.35722       1.7852
167      0.70711      0.45716       1.5298
168     -0.46037     -0.70711        1.531
169     -0.70711      -0.4473       1.2857
170       0.4473      0.70711       1.2857
171     -0.41722      0.29532       1.2252
172      0.13775      0.70711       1.2061
173    -0.042784     0.012144       1.6584
174     -0.70711       0.4473      0.71429
175      -0.4473      0.70711      0.71429
176      0.39114     0.073007       1.7874
177     -0.70711      0.70711            0
