%==================================================================
%                        General Data File
% Title: Default_title
% Units: SI
% Dimensions: 2D
% Type of problem: Plane_Stress
% Type of Phisics: ELASTIC
% Micro/Macro: MACRO
%
%==================================================================

%% Data

Data_prb = {
'Default_title';
'SI';
'2D';
'Plane_Stress';
'ELASTIC';
'MACRO';
};

%% Coordinates
% Node                X                Y                Z

gidcoord = [
1            4            1            0
2         3.95         0.95            0
3            4          0.9            0
4          3.9            1            0
5          3.9          0.9            0
6         3.95         0.85            0
7         3.85         0.95            0
8            4          0.8            0
9          3.8            1            0
10         3.85         0.85            0
11          3.9          0.8            0
12          3.8          0.9            0
13         3.95         0.75            0
14         3.75         0.95            0
15          3.8          0.8            0
16         3.75         0.85            0
17         3.85         0.75            0
18          3.7            1            0
19            4          0.7            0
20          3.7          0.9            0
21          3.9          0.7            0
22         3.65         0.95            0
23         3.75         0.75            0
24         3.95         0.65            0
25          3.7          0.8            0
26          3.8          0.7            0
27         3.65         0.85            0
28         3.85         0.65            0
29          3.6            1            0
30            4          0.6            0
31          3.6          0.9            0
32          3.9          0.6            0
33          3.7          0.7            0
34         3.75         0.65            0
35         3.65         0.75            0
36          3.8          0.6            0
37          3.6          0.8            0
38         3.95         0.55            0
39         3.55         0.95            0
40         3.85         0.55            0
41         3.55         0.85            0
42         3.65         0.65            0
43          3.6          0.7            0
44          3.7          0.6            0
45            4          0.5            0
46          3.5            1            0
47          3.5          0.9            0
48          3.9          0.5            0
49         3.75         0.55            0
50         3.55         0.75            0
51          3.8          0.5            0
52          3.5          0.8            0
53         3.45         0.95            0
54         3.95         0.45            0
55          3.6          0.6            0
56         3.65         0.55            0
57         3.45         0.85            0
58         3.85         0.45            0
59         3.55         0.65            0
60          3.7          0.5            0
61          3.5          0.7            0
62            4          0.4            0
63          3.4            1            0
64         3.75         0.45            0
65         3.45         0.75            0
66          3.9          0.4            0
67          3.4          0.9            0
68          3.4          0.8            0
69          3.8          0.4            0
70         3.55         0.55            0
71          3.6          0.5            0
72          3.5          0.6            0
73         3.65         0.45            0
74         3.45         0.65            0
75         3.95         0.35            0
76         3.35         0.95            0
77         3.35         0.85            0
78         3.85         0.35            0
79          3.7          0.4            0
80          3.4          0.7            0
81         3.35         0.75            0
82         3.75         0.35            0
83            4          0.3            0
84          3.3            1            0
85          3.9          0.3            0
86          3.3          0.9            0
87          3.5          0.5            0
88         3.45         0.55            0
89         3.55         0.45            0
90          3.6          0.4            0
91          3.4          0.6            0
92          3.3          0.8            0
93          3.8          0.3            0
94         3.35         0.65            0
95         3.65         0.35            0
96         3.95         0.25            0
97         3.25         0.95            0
98          3.3          0.7            0
99          3.7          0.3            0
100         3.25         0.85            0
101         3.85         0.25            0
102         3.45         0.45            0
103          3.4          0.5            0
104          3.5          0.4            0
105         3.35         0.55            0
106         3.75         0.25            0
107         3.25         0.75            0
108         3.55         0.35            0
109          3.2            1            0
110            4          0.2            0
111          3.2          0.9            0
112          3.6          0.3            0
113          3.3          0.6            0
114          3.9          0.2            0
115          3.2          0.8            0
116          3.8          0.2            0
117         3.65         0.25            0
118         3.25         0.65            0
119          3.4          0.4            0
120         3.15         0.95            0
121         3.95         0.15            0
122         3.35         0.45            0
123         3.45         0.35            0
124          3.7          0.2            0
125          3.2          0.7            0
126          3.3          0.5            0
127          3.5          0.3            0
128         3.15         0.85            0
129         3.85         0.15            0
130         3.25         0.55            0
131         3.55         0.25            0
132         3.15         0.75            0
133         3.75         0.15            0
134          3.6          0.2            0
135          3.2          0.6            0
136          3.1            1            0
137            4          0.1            0
138          3.9          0.1            0
139          3.1          0.9            0
140         3.15         0.65            0
141         3.65         0.15            0
142         3.35         0.35            0
143          3.3          0.4            0
144          3.8          0.1            0
145          3.1          0.8            0
146          3.4          0.3            0
147         3.25         0.45            0
148         3.45         0.25            0
149          3.2          0.5            0
150          3.5          0.2            0
151          3.1          0.7            0
152          3.7          0.1            0
153         3.95         0.05            0
154         3.05         0.95            0
155         3.55         0.15            0
156         3.15         0.55            0
157         3.85         0.05            0
158         3.05         0.85            0
159         3.75         0.05            0
160         3.05         0.75            0
161          3.6          0.1            0
162          3.1          0.6            0
163          3.3          0.3            0
164         3.35         0.25            0
165         3.25         0.35            0
166          3.2          0.4            0
167          3.4          0.2            0
168            4            0            0
169            3            1            0
170          3.9            0            0
171            3          0.9            0
172         3.65         0.05            0
173         3.45         0.15            0
174         3.15         0.45            0
175         3.05         0.65            0
176          3.8            0            0
177            3          0.8            0
