%==================================================================
%                        General Data File
% Title: Default_title
% Units: SI
% Dimensions: 2D
% Type of problem: Plane_Stress
% Type of Phisics: ELASTIC
% Micro/Macro: MACRO
%
%==================================================================

%% Data

Data_prb = {
'Default_title';
'SI';
'2D';
'Plane_Stress';
'ELASTIC';
'MACRO';
};

%% Coordinates
% Node                X                Y                Z

gidcoord = [
1            0           13            0
2          0.5        12.35            0
3            1           13            0
4            0         11.7            0
5          1.5        12.35            0
6            1         11.7            0
7            2           13            0
8          0.5        11.05            0
9            2         11.7            0
10          1.5        11.05            0
11          2.5        12.35            0
12            0         10.4            0
13            1         10.4            0
14            3           13            0
15          2.5        11.05            0
16            3         11.7            0
17            2         10.4            0
18          0.5         9.75            0
19          1.5         9.75            0
20       3.5833        12.35            0
21            0          9.1            0
22            3         10.4            0
23            1          9.1            0
24       3.5833        11.05            0
25          2.5         9.75            0
26       4.1667           13            0
27       4.1667         11.7            0
28            2          9.1            0
29          0.5         8.45            0
30          1.5         8.45            0
31         4.75        12.35            0
32       3.5833         9.75            0
33       4.1667         10.4            0
34            3          9.1            0
35         4.75        11.05            0
36          2.5         8.45            0
37            0          7.8            0
38            1          7.8            0
39       5.3333           13            0
40       5.3333         11.7            0
41            2          7.8            0
42       4.1667          9.1            0
43         4.75         9.75            0
44       3.5833         8.45            0
45          0.5         7.15            0
46       5.3333         10.4            0
47       5.9167        12.35            0
48            3          7.8            0
49          1.5         7.15            0
50       5.9167        11.05            0
51          2.5         7.15            0
52            0          6.5            0
53          6.5           13            0
54            1          6.5            0
55         4.75         8.45            0
56       5.3333          9.1            0
57          6.5         11.7            0
58       4.1667          7.8            0
59       5.9167         9.75            0
60            2          6.5            0
61       3.5833         7.15            0
62          6.5         10.4            0
63       7.0833        12.35            0
64            3          6.5            0
65          0.5         5.85            0
66          1.5         5.85            0
67       7.0833        11.05            0
68       5.3333          7.8            0
69       5.9167         8.45            0
70         4.75         7.15            0
71          2.5         5.85            0
72          6.5          9.1            0
73       7.6667           13            0
74       4.1667          6.5            0
75       7.6667         11.7            0
76       7.0833         9.75            0
77            0          5.2            0
78            1          5.2            0
79       3.5833         5.85            0
80            2          5.2            0
81       7.6667         10.4            0
82         8.25        12.35            0
83       5.9167         7.15            0
84          6.5          7.8            0
85            3          5.2            0
86       5.3333          6.5            0
87       7.0833         8.45            0
88          0.5         4.55            0
89         8.25        11.05            0
90          1.5         4.55            0
91         4.75         5.85            0
92       7.6667          9.1            0
93          2.5         4.55            0
94       8.8333           13            0
95       4.1667          5.2            0
96         8.25         9.75            0
97       8.8333         11.7            0
98            0          3.9            0
99            1          3.9            0
100       3.5833         4.55            0
101       7.0833         7.15            0
102          6.5          6.5            0
103       8.8333         10.4            0
104       7.6667          7.8            0
105       5.9167         5.85            0
106            2          3.9            0
107         8.25         8.45            0
108       9.4167        12.35            0
109       5.3333          5.2            0
110            3          3.9            0
111       9.4167        11.05            0
112       8.8333          9.1            0
113         4.75         4.55            0
114          0.5         3.25            0
115          1.5         3.25            0
116       9.4167         9.75            0
117           10           13            0
118       4.1667          3.9            0
119       7.6667          6.5            0
120       7.0833         5.85            0
121          2.5         3.25            0
122           10         11.7            0
123         8.25         7.15            0
124          6.5          5.2            0
125       8.8333          7.8            0
126       5.9167         4.55            0
127           10         10.4            0
128       3.5833         3.25            0
129            0          2.6            0
130            1          2.6            0
131       9.4167         8.45            0
132         10.5        12.35            0
133       5.3333          3.9            0
134            2          2.6            0
135         10.5        11.05            0
136           10          9.1            0
137            3          2.6            0
138         4.75         3.25            0
139         8.25         5.85            0
140       7.6667          5.2            0
141       8.8333          6.5            0
142         10.5         9.75            0
143           11           13            0
144       7.0833         4.55            0
145          0.5         1.95            0
146           11         11.7            0
147       9.4167         7.15            0
148          1.5         1.95            0
149          6.5          3.9            0
150       4.1667          2.6            0
151           10          7.8            0
152           11         10.4            0
153          2.5         1.95            0
154       5.9167         3.25            0
155         10.5         8.45            0
156         11.5        12.35            0
157       3.5833         1.95            0
158         11.5        11.05            0
159           11          9.1            0
160       5.3333          2.6            0
161            0          1.3            0
162            1          1.3            0
163       8.8333          5.2            0
164         8.25         4.55            0
165       9.4167         5.85            0
166            2          1.3            0
167       7.6667          3.9            0
168           10          6.5            0
169         11.5         9.75            0
170           12           13            0
171         10.5         7.15            0
172         4.75         1.95            0
173       7.0833         3.25            0
174           12         11.7            0
175            3          1.3            0
176           11          7.8            0
177          6.5          2.6            0
