%==================================================================
%                        General Data File
% Title: Default_title
% Units: SI
% Dimensions: 2D
% Type of problem: Plane_Stress
% Type of Phisics: ELASTIC
% Micro/Macro: MACRO
%
%==================================================================

%% Data

Data_prb = {
'Default_title';
'SI';
'2D';
'Plane_Stress';
'ELASTIC';
'MACRO';
};

%% Coordinates
% Node                X                Y                Z

gidcoord = [
1            0            1            0
2     0.058192            1            0
3            0      0.93388            0
4     0.091082      0.93169            0
5      0.12397            1            0
6            0      0.85363            0
7      0.16137      0.92233            0
8     0.098494      0.84157            0
9      0.19876            1            0
10            0       0.7583            0
11      0.19144       0.8318            0
12      0.24086       0.9134            0
13      0.28296            1            0
14      0.14707      0.75166            0
15      0.29023      0.82774            0
16      0.32983       0.9134            0
17            0      0.65628            0
18      0.24127      0.74657            0
19      0.10894      0.66424            0
20       0.3767            1            0
21      0.22596      0.66788            0
22      0.38864      0.83423            0
23      0.35788      0.76484            0
24            0      0.56948            0
25      0.42323       0.9134            0
26     0.087783      0.57526            0
27      0.32466      0.67222            0
28      0.19729      0.57719            0
29      0.46976            1            0
30      0.27536       0.5866            0
31            0          0.5            0
32            0          0.5            0
33     0.062031          0.5            0
34     0.062031          0.5            0
35      0.13833          0.5            0
36      0.13833          0.5            0
37        0.417      0.68619            0
38      0.46052       0.7537            0
39      0.50369      0.83219            0
40      0.23036          0.5            0
41      0.23036          0.5            0
42      0.55216            1            0
43      0.38401      0.58711            0
44        0.562      0.93619            0
45            0      0.43052            0
46     0.087783      0.42474            0
47      0.48822       0.6789            0
48      0.53489      0.75879            0
49      0.51548       0.7126            0
50      0.32037          0.5            0
51      0.32037          0.5            0
52      0.46714      0.62926            0
53      0.56381      0.79593            0
54      0.58524      0.84499            0
55      0.19729      0.42281            0
56      0.44542      0.58061            0
57      0.62422            1            0
58      0.42907      0.54198            0
59      0.61942      0.88061            0
60      0.39304          0.5            0
61      0.39304          0.5            0
62      0.54667      0.66667            0
63      0.57083      0.70833            0
64       0.5225        0.625            0
65      0.63929      0.92794            0
66        0.595         0.75            0
67      0.27536       0.4134            0
68      0.49833      0.58333            0
69      0.61917      0.79167            0
70            0      0.34372            0
71      0.47417      0.54167            0
72      0.64333      0.83333            0
73      0.67092      0.95919            0
74         0.45          0.5            0
75         0.45          0.5            0
76      0.10894      0.33576            0
77       0.6675        0.875            0
78      0.59621      0.66577            0
79      0.57204      0.62411            0
80      0.62037      0.70744            0
81      0.68656            1            0
82      0.54787      0.58244            0
83      0.42907      0.45802            0
84      0.64454      0.74911            0
85      0.52371      0.54077            0
86      0.69167      0.91667            0
87      0.66871      0.79077            0
88      0.38401      0.41289            0
89      0.22596      0.33212            0
90          0.5          0.5            0
91      0.69287      0.83244            0
92      0.71583      0.95833            0
93      0.47417      0.45833            0
94      0.62046      0.62949            0
95      0.59674      0.58694            0
96      0.64575      0.66488            0
97      0.71704      0.87411            0
98      0.67025      0.70834            0
99      0.44542      0.41939            0
100      0.57324      0.54385            0
101      0.69408      0.74822            0
102         0.74            1            0
103         0.55          0.5            0
104      0.74121      0.91577            0
105      0.71706      0.79238            0
106      0.32466      0.32778            0
107      0.52371      0.45923            0
108            0       0.2417            0
109      0.74103      0.83037            0
110      0.14707      0.24834            0
111      0.76537      0.95744            0
112      0.64642      0.58713            0
113      0.49833      0.41667            0
114      0.66833      0.62201            0
115      0.62301      0.54466            0
116      0.69535      0.66363            0
117      0.71755      0.70807            0
118      0.76658      0.87322            0
119          0.6          0.5            0
120      0.46714      0.37074            0
121       0.7432         0.75            0
122      0.24127      0.25343            0
123      0.57324      0.45615            0
124        0.792            1            0
125      0.76567      0.78827            0
126      0.79075      0.91488            0
127      0.54787      0.41756            0
128        0.417      0.31381            0
129      0.66518      0.54133            0
130      0.79072      0.83119            0
131      0.71774      0.62499            0
132      0.69404      0.58154            0
133       0.5225        0.375            0
134      0.74401      0.66602            0
135      0.81525      0.95834            0
136         0.65          0.5            0
137      0.76732      0.70645            0
138      0.81612      0.87232            0
139      0.62301      0.45534            0
140      0.79177      0.74721            0
141      0.48822       0.3211            0
142      0.59674      0.41306            0
143      0.81526      0.79097            0
144        0.844            1            0
145      0.35788      0.23516            0
146      0.84063      0.91578            0
147      0.57204      0.37589            0
148     0.098494      0.15843            0
149      0.71479      0.53618            0
150      0.74391      0.58254            0
151      0.19144       0.1682            0
152            0      0.14637            0
153      0.76734      0.62216            0
154      0.84027      0.82901            0
155      0.66518      0.45867            0
156      0.79033      0.66223            0
157          0.7          0.5            0
158      0.54667      0.33333            0
159      0.86394      0.95911            0
160      0.81668      0.70455            0
161      0.64642      0.41287            0
162      0.86602      0.87175            0
163      0.29023      0.17226            0
164      0.84162      0.74771            0
165      0.51548       0.2874            0
166      0.46052       0.2463            0
167      0.62046      0.37051            0
168      0.86395       0.7862            0
169      0.88735      0.91583            0
170      0.71479      0.46382            0
171      0.59621      0.33423            0
172      0.76643      0.53816            0
173        0.896            1            0
174      0.79289       0.5803            0
175      0.81707       0.6238            0
176         0.75          0.5            0
177      0.83925      0.66774            0
