%==================================================================
%                        General Data File
% Title: TETRAHEDRA
% Units: SI
% Dimensions: 2D
% Type of problem: Plane_Stress
% Type of Phisics: ELASTIC
% Micro/Macro: MACRO
%
%==================================================================

%% Data

Data_prb = {
'TRIANGLE';
'SI';
'2D';
'Plane_Stress';
'ELASTIC';
'MACRO';
};

%% Coordinates
% Node                X                Y                Z

coord = [
1    0.0000, 0.0000;
2    0.0100, 0.0100;
3    0.0000, 0.0200;
4    0.0200, 0.0000;
5    0.0200, 0.0200;
6    0.0100, 0.0300;
7    0.0300, 0.0100;
8    0.0000, 0.0400;
9    0.0400, 0.0000;
10    0.0300, 0.0300;
11    0.0400, 0.0200;
12    0.0200, 0.0400;
13    0.0400, 0.0400;
14    0.0050, 0.0050;
15    0.0000, 0.0100;
16    0.0100, 0.0000;
17    0.0050, 0.0150;
18    0.0150, 0.0050;
19    0.0150, 0.0150;
20    0.0100, 0.0200;
21    0.0050, 0.0250;
22    0.0000, 0.0300;
23    0.0200, 0.0100;
24    0.0250, 0.0050;
25    0.0300, 0.0000;
26    0.0150, 0.0250;
27    0.0250, 0.0150;
28    0.0250, 0.0250;
29    0.0300, 0.0200;
30    0.0200, 0.0300;
31    0.0050, 0.0350;
32    0.0150, 0.0350;
33    0.0350, 0.0050;
34    0.0350, 0.0150;
35    0.0100, 0.0400;
36    0.0400, 0.0100;
37    0.0350, 0.0250;
38    0.0250, 0.0350;
39    0.0350, 0.0350;
40    0.0400, 0.0300;
41    0.0300, 0.0400;
42    0.0025, 0.0025;
43    0.0000, 0.0050;
44    0.0050, 0.0000;
45    0.0075, 0.0075;
46    0.0075, 0.0125;
47    0.0125, 0.0075;
48    0.0125, 0.0125;
49    0.0000, 0.0150;
50    0.0025, 0.0175;
51    0.0050, 0.0200;
52    0.0025, 0.0225;
53    0.0000, 0.0250;
54    0.0150, 0.0000;
55    0.0175, 0.0025;
56    0.0200, 0.0050;
57    0.0225, 0.0025;
58    0.0250, 0.0000;
59    0.0175, 0.0175;
60    0.0150, 0.0200;
61    0.0200, 0.0150;
62    0.0175, 0.0225;
63    0.0225, 0.0175;
64    0.0225, 0.0225;
65    0.0250, 0.0200;
66    0.0200, 0.0250;
67    0.0075, 0.0275;
68    0.0125, 0.0275;
69    0.0075, 0.0325;
70    0.0125, 0.0325;
71    0.0275, 0.0075;
72    0.0275, 0.0125;
73    0.0325, 0.0075;
74    0.0325, 0.0125;
75    0.0000, 0.0350;
76    0.0025, 0.0375;
77    0.0050, 0.0400;
78    0.0350, 0.0000;
79    0.0375, 0.0025;
80    0.0400, 0.0050;
81    0.0275, 0.0275;
82    0.0325, 0.0275;
83    0.0275, 0.0325;
84    0.0325, 0.0325;
85    0.0350, 0.0200;
86    0.0375, 0.0175;
87    0.0400, 0.0150;
88    0.0375, 0.0225;
89    0.0400, 0.0250;
90    0.0200, 0.0350;
91    0.0175, 0.0375;
92    0.0150, 0.0400;
93    0.0225, 0.0375;
94    0.0250, 0.0400;
95    0.0375, 0.0375;
96    0.0400, 0.0350;
97    0.0350, 0.0400;
98    0.0025, 0.0075;
99    0.0075, 0.0025;
100    0.0050, 0.0100;
101    0.0100, 0.0050;
102    0.0025, 0.0125;
103    0.0125, 0.0025;
104    0.0100, 0.0150;
105    0.0075, 0.0175;
106    0.0150, 0.0100;
107    0.0175, 0.0075;
108    0.0125, 0.0175;
109    0.0175, 0.0125;
110    0.0075, 0.0225;
111    0.0125, 0.0225;
112    0.0025, 0.0275;
113    0.0100, 0.0250;
114    0.0050, 0.0300;
115    0.0025, 0.0325;
116    0.0225, 0.0075;
117    0.0225, 0.0125;
118    0.0275, 0.0025;
119    0.0250, 0.0100;
120    0.0300, 0.0050;
121    0.0325, 0.0025;
122    0.0175, 0.0275;
123    0.0150, 0.0300;
124    0.0275, 0.0175;
125    0.0300, 0.0150;
126    0.0275, 0.0225;
127    0.0225, 0.0275;
128    0.0300, 0.0250;
129    0.0250, 0.0300;
130    0.0325, 0.0175;
131    0.0325, 0.0225;
132    0.0175, 0.0325;
133    0.0225, 0.0325;
134    0.0100, 0.0350;
135    0.0075, 0.0375;
136    0.0125, 0.0375;
137    0.0350, 0.0100;
138    0.0375, 0.0075;
139    0.0375, 0.0125;
140    0.0350, 0.0300;
141    0.0375, 0.0275;
142    0.0300, 0.0350;
143    0.0275, 0.0375;
144    0.0375, 0.0325;
145    0.0325, 0.0375
];

%% Conectivities
% Element        Node(1)                Node(2)                Node(3)                Node(4)                Material

connec = [
1    5, 59, 61;
2    3, 50, 51;
3    1, 42, 43;
4    4, 55, 54;
5    12, 91, 90;
6    8, 76, 77;
7    3, 52, 53;
8    5, 62, 60;
9    11, 86, 87;
10    5, 63, 65;
11    4, 57, 56;
12    9, 79, 78;
13    13, 95, 96;
14    12, 93, 94;
15    5, 64, 66;
16    11, 88, 85;
17    19, 48, 106;
18    17, 46, 104;
19    14, 45, 100;
20    18, 47, 101;
21    32, 70, 123;
22    31, 69, 134;
23    21, 67, 114;
24    26, 68, 113;
25    34, 74, 137;
26    27, 72, 125;
27    24, 71, 119;
28    33, 73, 120;
29    39, 84, 140;
30    38, 83, 142;
31    28, 81, 129;
32    37, 82, 128;
33    19, 106, 109;
34    17, 104, 105;
35    14, 100, 98;
36    18, 101, 103;
37    32, 123, 132;
38    31, 134, 135;
39    21, 114, 112;
40    26, 113, 111;
41    34, 137, 139;
42    27, 125, 124;
43    24, 119, 116;
44    33, 120, 121;
45    39, 140, 144;
46    38, 142, 143;
47    28, 129, 127;
48    37, 128, 131;
49    23, 107, 56;
50    20, 108, 60;
51    15, 102, 49;
52    16, 99, 44;
53    30, 122, 66;
54    35, 136, 92;
55    22, 115, 75;
56    20, 110, 51;
57    36, 138, 80;
58    29, 130, 85;
59    23, 117, 61;
60    25, 118, 58;
61    40, 141, 89;
62    41, 145, 97;
63    30, 133, 90;
64    29, 126, 65;
65    59, 19, 109;
66    50, 17, 105;
67    42, 14, 98;
68    55, 18, 103;
69    91, 32, 132;
70    76, 31, 135;
71    52, 21, 112;
72    62, 26, 111;
73    86, 34, 139;
74    63, 27, 124;
75    57, 24, 116;
76    79, 33, 121;
77    95, 39, 144;
78    93, 38, 143;
79    64, 28, 127;
80    88, 37, 131;
81    48, 2, 47;
82    46, 2, 48;
83    45, 2, 46;
84    47, 2, 45;
85    70, 6, 68;
86    69, 6, 70;
87    67, 6, 69;
88    68, 6, 67;
89    74, 7, 73;
90    72, 7, 74;
91    71, 7, 72;
92    73, 7, 71;
93    84, 10, 82;
94    83, 10, 84;
95    81, 10, 83;
96    82, 10, 81;
97    106, 18, 107;
98    104, 19, 108;
99    100, 17, 102;
100    101, 14, 99;
101    123, 26, 122;
102    134, 32, 136;
103    114, 31, 115;
104    113, 21, 110;
105    137, 33, 138;
106    125, 34, 130;
107    119, 27, 117;
108    120, 24, 118;
109    140, 37, 141;
110    142, 39, 145;
111    129, 38, 133;
112    128, 28, 126;
113    107, 18, 55;
114    108, 19, 59;
115    102, 17, 50;
116    99, 14, 42;
117    122, 26, 62;
118    136, 32, 91;
119    115, 31, 76;
120    110, 21, 52;
121    138, 33, 79;
122    130, 34, 86;
123    117, 27, 63;
124    118, 24, 57;
125    141, 37, 88;
126    145, 39, 95;
127    133, 38, 93;
128    126, 28, 64;
129    59, 109, 61;
130    50, 105, 51;
131    42, 98, 43;
132    55, 103, 54;
133    91, 132, 90;
134    76, 135, 77;
135    52, 112, 53;
136    62, 111, 60;
137    86, 139, 87;
138    63, 124, 65;
139    57, 116, 56;
140    79, 121, 78;
141    95, 144, 96;
142    93, 143, 94;
143    64, 127, 66;
144    88, 131, 85;
145    48, 47, 106;
146    46, 48, 104;
147    45, 46, 100;
148    47, 45, 101;
149    70, 68, 123;
150    69, 70, 134;
151    67, 69, 114;
152    68, 67, 113;
153    74, 73, 137;
154    72, 74, 125;
155    71, 72, 119;
156    73, 71, 120;
157    84, 82, 140;
158    83, 84, 142;
159    81, 83, 129;
160    82, 81, 128;
161    106, 107, 109;
162    104, 108, 105;
163    100, 102, 98;
164    101, 99, 103;
165    123, 122, 132;
166    134, 136, 135;
167    114, 115, 112;
168    113, 110, 111;
169    137, 138, 139;
170    125, 130, 124;
171    119, 117, 116;
172    120, 118, 121;
173    140, 141, 144;
174    142, 145, 143;
175    129, 133, 127;
176    128, 126, 131;
177    107, 55, 56;
178    108, 59, 60;
179    102, 50, 49;
180    99, 42, 44;
181    122, 62, 66;
182    136, 91, 92;
183    115, 76, 75;
184    110, 52, 51;
185    138, 79, 80;
186    130, 86, 85;
187    117, 63, 61;
188    118, 57, 58;
189    141, 88, 89;
190    145, 95, 97;
191    133, 93, 90;
192    126, 64, 65;
193    61, 109, 23;
194    51, 105, 20;
195    43, 98, 15;
196    54, 103, 16;
197    90, 132, 30;
198    77, 135, 35;
199    53, 112, 22;
200    60, 111, 20;
201    87, 139, 36;
202    65, 124, 29;
203    56, 116, 23;
204    78, 121, 25;
205    96, 144, 40;
206    94, 143, 41;
207    66, 127, 30;
208    85, 131, 29;
209    106, 47, 18;
210    104, 48, 19;
211    100, 46, 17;
212    101, 45, 14;
