% -------------------------------------------------------------------
%  Generated by MATLAB on 22-Oct-2018 15:52:47
%  MATLAB version: 9.2.0.538062 (R2017a)
% -------------------------------------------------------------------
                                  

b = ...
  [2 2 2 2;
   0 0 0 0;
   1 1 1 1;
   1 1 1 1;
   1 1 1 1;
   1 1 1 1;
   1 1 1 1;
   1 1 1 1;
   48 48 48 48;
   48 48 48 48;
   48 48 48 48;
   48 48 48 48;
   48 48 48 48;
   48 48 48 48;
   48 48 48 48;
   48 48 48 48;
   48 48 48 48;
   48 48 48 48;
   48 48 48 48;
   48 48 48 48;
   49 49 49 49;
   48 48 48 48;
   48 48 48 48;
   49 49 49 49;
   48 48 48 48;
   48 48 48 48];

g = ...
  [2 2 2 2;
   0 10 10 0;
   10 10 0 0;
   0 0 10 10;
   0 10 10 0;
   1 1 1 1;
   0 0 0 0];

