function [mg_weight_mat] = mg_weigthts()
mg_weight_mat = ...
    [1 0 0 0;
    0.5 0.5 0 0;
    0 1 0 0;
    0.5 0 0.5 0;
    0.25 0.25 0.25 0.25;
    0 0.5 0 0.5;
    0 0 1 0;
    0 0 0.5 0.5;
    0 0 0 1];
end