%==================================================================
%                        General Data File
% Title: Default_title
% Units: SI
% Dimensions: 2D
% Type of problem: Plane_Stress
% Type of Phisics: ELASTIC
% Micro/Macro: MACRO
%
%==================================================================

%% Data

Data_prb = {
'Default_title';
'SI';
'2D';
'Plane_Stress';
'ELASTIC';
'MACRO';
};

%% Coordinates
% Node                X                Y                Z

gidcoord = [
1       1.7747      -1.3311            0
2       1.0757      -1.3311            0
3       1.7747     -0.62318            0
4       0.7262     -0.72036            0
5       1.0942     -0.12603            0
6      0.37669      -1.3311            0
7       1.7747     0.084691            0
8      0.39516     -0.12599            0
9     0.027179     -0.72036            0
10      0.93997      0.47125            0
11     -0.32233      -1.3311            0
12       1.7747      0.79257            0
13      -0.3039     -0.12593            0
14     0.045685      0.48474            0
15          1.1       1.0934            0
16     -0.67185     -0.72036            0
17      0.39524       1.0954            0
18      -1.0214      -1.3311            0
19       1.7747       1.5004            0
20       -1.003     -0.12581            0
21     -0.65335      0.48483            0
22     -0.30375       1.0955            0
23      -1.3709     -0.72036            0
24      0.93718       1.8291            0
25     0.045806       1.7061            0
26      -1.7204      -1.3311            0
27       1.7747       2.2083            0
28      -1.3524      0.48499            0
29      -1.7022      -0.1256            0
30      -1.0085       1.0936            0
31     -0.65898       1.7042            0
32      -2.0699     -0.72036            0
33       1.0872        2.601            0
34      0.38245        2.599            0
35      -2.4194      -1.3311            0
36      -2.0515      0.48528            0
37      -1.7017       1.0958            0
38       1.7747       2.9162            0
39      -2.4014     -0.12524            0
40      -1.3531       1.7054            0
41     -0.32233        2.597            0
42      -2.7689     -0.72036            0
43      0.92922       3.2267            0
44      -1.0271        2.599            0
45      -2.4065       1.0941            0
46     0.027179       3.2077            0
47      -2.7506      0.48577            0
48      -2.0575       1.7038            0
49      -3.1184      -1.3311            0
50       1.7747       3.6241            0
51      -3.1009     -0.12461            0
52     -0.67185       3.2077            0
53       1.0815       3.8204            0
54       -1.732       2.6011            0
55      -3.4679     -0.72036            0
56      0.37669       3.8184            0
57      -3.0995       1.0969            0
58      -2.7506       1.7062            0
59      -1.3766       3.2097            0
60      -3.4498      0.48661            0
61     -0.32233       3.8184            0
62      -3.8175      -1.3311            0
63       1.7747       4.3319            0
64      -3.8006     -0.12356            0
65      -2.4332       2.6038            0
66       0.7262       4.4291            0
67      -1.0214       3.8184            0
68      -2.0803       3.2138            0
69       -4.167     -0.72036            0
70     0.027179       4.4291            0
71       -3.455        1.705            0
72      -3.8043       1.0958            0
73      -4.1493      0.48798            0
74      -1.7204       3.8184            0
75     -0.67185       4.4291            0
76      -3.1222       2.6136            0
77      -4.5165      -1.3311            0
78       1.7747       5.0398            0
79      -4.5009     -0.12187            0
80       1.0757       5.0398            0
81      -2.7836       3.2153            0
82      0.37669       5.0398            0
83      -1.3709       4.4291            0
84      -2.4252       3.8204            0
85      -4.1582       1.7053            0
86       -4.866     -0.72036            0
87     -0.32233       5.0398            0
88      -4.5079       1.0933            0
89      -3.8253       2.6129            0
90      -4.8492      0.49011            0
91      -2.0699       4.4291            0
92      -3.4806       3.2185            0
93      -1.0214       5.0398            0
94      -5.2155      -1.3311            0
95       -5.202     -0.11929            0
96      -3.1298       3.8291            0
97      -1.7204       5.0398            0
98      -4.8598       1.7036            0
99      -2.7689       4.4291            0
100       -5.565     -0.72036            0
101      -5.2101       1.0924            0
102      -4.5292       2.6112            0
103      -4.1826       3.2193            0
104      -5.5499      0.49318            0
105      -3.8309       3.8293            0
106      -2.4194       5.0398            0
107      -5.9145      -1.3311            0
108      -5.9042     -0.11571            0
109      -3.4679       4.4291            0
110      -3.1184       5.0398            0
111       -5.234       2.6106            0
112       -6.264     -0.72036            0
113      -4.8831       3.2207            0
114      -5.5779       2.0034            0
115      -4.5317       3.8307            0
116      -5.9267       1.3943            0
117      -6.2525      0.49699            0
118       -4.167       4.4291            0
119      -6.6136      -1.3311            0
120      -6.6078     -0.11167            0
121      -3.8175       5.0398            0
122      -5.5828       3.2219            0
123      -5.9333       2.6117            0
124       -5.232       3.8321            0
125      -6.2823       2.0024            0
126      -6.9631     -0.72036            0
127       -4.866       4.4291            0
128      -6.6311       1.3929            0
129      -6.9565      0.49817            0
130      -4.5165       5.0398            0
131      -7.3126      -1.3311            0
132      -7.3126     -0.10967            0
133      -6.2822       3.2228            0
134      -5.9319       3.8331            0
135      -6.6265       2.6144            0
136       -5.565       4.4291            0
137      -6.9755       2.0048            0
138      -7.6621     -0.72036            0
139      -5.2155       5.0398            0
140      -7.3236       1.3955            0
141       -7.661      0.50002            0
142      -8.0116      -1.3311            0
143      -8.0058     -0.11167            0
144      -6.6314       3.8338            0
145      -6.9814       3.2233            0
146       -6.264       4.4291            0
147      -7.3313       2.6128            0
148      -5.9145       5.0398            0
149      -7.6799       2.0033            0
150      -8.3611     -0.72036            0
151       -8.028       1.3932            0
152      -8.3654       0.4941            0
153      -6.9631       4.4291            0
154      -7.3307       3.8342            0
155      -8.7106      -1.3311            0
156      -7.6805       3.2237            0
157      -6.6136       5.0398            0
158      -8.7106     -0.10967            0
159      -8.0244       2.6151            0
160       -8.374       2.0045            0
161      -9.0601     -0.72036            0
162      -8.7325        1.398            0
163      -7.6621       4.4291            0
164      -9.0829      0.78671            0
165      -8.0299       3.8345            0
166      -7.3126       5.0398            0
167      -8.3796       3.2239            0
168      -9.4097      -1.3311            0
169      -8.7292       2.6132            0
170      -9.4154     -0.11167            0
171      -9.0788       2.0026            0
172      -9.4356       1.3968            0
173      -9.7592     -0.72036            0
174      -8.3611       4.4291            0
175      -8.0116       5.0398            0
176       -8.729       3.8346            0
177      -9.0786        3.224            0
