coord = [
    1    1.00000e+00    0.00000e+00    0.00000e+00
    2    9.99918e-01    5.81000e-04    0.00000e+00
    3    9.99172e-01   -1.15252e-04    0.00000e+00
    4    9.99313e-01    4.90804e-04    0.00000e+00
    5    9.99877e-01   -8.55000e-04    0.00000e+00
    6    9.99835e-01    1.16200e-03    0.00000e+00
    7    9.99036e-01   -9.42550e-04    0.00000e+00
    8    9.98845e-01    9.69958e-04    0.00000e+00
    9    9.98384e-01    1.93503e-05    0.00000e+00
   10    9.99753e-01   -1.71000e-03    0.00000e+00
   11    9.99753e-01    1.74300e-03    0.00000e+00
   12    9.99013e-01   -1.79900e-03    0.00000e+00
   13    9.98071e-01   -9.33055e-04    0.00000e+00
   14    9.99013e-01    1.93000e-03    0.00000e+00
   15    9.97679e-01    1.16390e-03    0.00000e+00
   16    9.97395e-01    1.09149e-04    0.00000e+00
   17    9.97781e-01   -1.94700e-03    0.00000e+00
   18    9.97133e-01   -9.52220e-04    0.00000e+00
   19    9.97781e-01    2.24200e-03    0.00000e+00
   20    9.96650e-01    1.32848e-03    0.00000e+00
   21    9.96350e-01    1.72844e-04    0.00000e+00
   22    9.96919e-01   -2.05050e-03    0.00000e+00
   23    9.96925e-01    2.45858e-03    0.00000e+00
   24    9.96146e-01   -9.95120e-04    0.00000e+00
   25    9.96057e-01   -2.15400e-03    0.00000e+00
   26    9.95597e-01    1.47554e-03    0.00000e+00
   27    9.95253e-01    2.39158e-04    0.00000e+00
   28    9.96057e-01    2.67800e-03    0.00000e+00
   29    9.95046e-01   -1.04710e-03    0.00000e+00
   30    9.94950e-01   -2.28650e-03    0.00000e+00
   31    9.94440e-01    1.70601e-03    0.00000e+00
   32    9.94950e-01    2.95700e-03    0.00000e+00
   33    9.93991e-01    3.06094e-04    0.00000e+00
   34    9.93830e-01   -1.10501e-03    0.00000e+00
   35    9.93844e-01   -2.41900e-03    0.00000e+00
   36    9.93844e-01    3.23600e-03    0.00000e+00
   37    9.93181e-01    1.95957e-03    0.00000e+00
   38    9.92413e-01    5.12118e-04    0.00000e+00
   39    9.92441e-01   -1.12051e-03    0.00000e+00
   40    9.92591e-01   -2.56886e-03    0.00000e+00
   41    9.92515e-01    3.56973e-03    0.00000e+00
   42    9.92029e-01    2.38415e-03    0.00000e+00
   43    9.91670e-01    1.43207e-03    0.00000e+00
   44    9.90930e-01   -1.32029e-03    0.00000e+00
   45    9.90780e-01    1.59057e-04    0.00000e+00
   46    9.91144e-01   -2.74200e-03    0.00000e+00
   47    9.90586e-01    1.43108e-03    0.00000e+00
   48    9.90751e-01    2.64005e-03    0.00000e+00
   49    9.91144e-01    3.91400e-03    0.00000e+00
   50    9.89713e-01   -2.91228e-03    0.00000e+00
   51    9.89357e-01   -1.46685e-03    0.00000e+00
   52    9.89209e-01    4.44545e-05    0.00000e+00
   53    9.89143e-01    1.49314e-03    0.00000e+00
   54    9.89278e-01    2.87976e-03    0.00000e+00
   55    9.89614e-01    4.29685e-03    0.00000e+00
   56    9.87675e-01   -1.55721e-03    0.00000e+00
   57    9.87958e-01   -3.12100e-03    0.00000e+00
   58    9.87528e-01    7.28574e-05    0.00000e+00
   59    9.87517e-01    1.64838e-03    0.00000e+00
   60    9.87650e-01    3.18276e-03    0.00000e+00
   61    9.87958e-01    4.71100e-03    0.00000e+00
   62    9.86255e-01   -3.32356e-03    0.00000e+00
   63    9.85850e-01   -1.59023e-03    0.00000e+00
   64    9.85651e-01    1.68965e-04    0.00000e+00
   65    9.85662e-01    1.85869e-03    0.00000e+00
   66    9.85849e-01    3.49191e-03    0.00000e+00
   67    9.86207e-01    5.14707e-03    0.00000e+00
   68    9.84292e-01   -3.55700e-03    0.00000e+00
   69    9.83767e-01   -1.58809e-03    0.00000e+00
   70    9.83474e-01    3.68929e-04    0.00000e+00
   71    9.83608e-01    2.17424e-03    0.00000e+00
   72    9.83902e-01    3.89252e-03    0.00000e+00
   73    9.84292e-01    5.62400e-03    0.00000e+00
   74    9.82321e-01   -3.78995e-03    0.00000e+00
   75    9.82313e-01    6.11428e-03    0.00000e+00
   76    9.81777e-01    4.38770e-03    0.00000e+00
   77    9.81277e-01   -1.51761e-03    0.00000e+00
   78    9.81304e-01    2.61119e-03    0.00000e+00
   79    9.80872e-01    7.20603e-04    0.00000e+00
   80    9.80147e-01   -4.04700e-03    0.00000e+00
   81    9.80147e-01    6.65100e-03    0.00000e+00
   82    9.79587e-01    4.93281e-03    0.00000e+00
   83    9.78875e-01    3.26998e-03    0.00000e+00
   84    9.78267e-01   -1.44822e-03    0.00000e+00
   85    9.77417e-01    1.52024e-03    0.00000e+00
   86    9.77382e-01    4.23163e-03    0.00000e+00
   87    9.77548e-01    5.53680e-03    0.00000e+00
   88    9.77948e-01    7.19221e-03    0.00000e+00
   89    9.75809e-01    3.82809e-03    0.00000e+00
   90    9.75528e-01   -4.59200e-03    0.00000e+00
   91    9.75429e-01    5.82966e-03    0.00000e+00
   92    9.75528e-01    7.78800e-03    0.00000e+00
   93    9.74226e-01   -1.74850e-03    0.00000e+00
   94    9.73569e-01    1.13357e-03    0.00000e+00
   95    9.73008e-01    3.73084e-03    0.00000e+00
   96    9.72918e-01    6.10575e-03    0.00000e+00
   97    9.73105e-01    8.38090e-03    0.00000e+00
   98    9.70440e-01   -5.18900e-03    0.00000e+00
   99    9.69776e-01   -2.00580e-03    0.00000e+00
  100    9.69621e-01    1.13555e-03    0.00000e+00
  101    9.69811e-01    3.88141e-03    0.00000e+00
  102    9.70081e-01    6.51703e-03    0.00000e+00
  103    9.70440e-01    9.03300e-03    0.00000e+00
  104    9.67794e-01    9.67589e-03    0.00000e+00
  105    9.67096e-01    7.12693e-03    0.00000e+00
  106    9.66343e-01    4.46199e-03    0.00000e+00
  107    9.65265e-01    1.66656e-03    0.00000e+00
  108    9.64764e-01   -1.97209e-03    0.00000e+00
  109    9.64888e-01   -5.83700e-03    0.00000e+00
  110    9.64888e-01    1.03820e-02    0.00000e+00
  111    9.64166e-01    7.85281e-03    0.00000e+00
  112    9.63016e-01    5.52838e-03    0.00000e+00
  113    9.61192e-01    6.88414e-03    0.00000e+00
  114    9.61547e-01    8.69592e-03    0.00000e+00
  115    9.62010e-01    1.10753e-02    0.00000e+00
  116    9.60230e-01    3.14370e-03    0.00000e+00
  117    9.58928e-01   -1.50201e-03    0.00000e+00
  118    9.58946e-01    6.48097e-03    0.00000e+00
  119    9.58877e-01   -6.53500e-03    0.00000e+00
  120    9.58791e-01    9.09769e-03    0.00000e+00
  121    9.58877e-01    1.18300e-02    0.00000e+00
  122    9.55420e-01    6.81535e-03    0.00000e+00
  123    9.54808e-01    3.62354e-03    0.00000e+00
  124    9.55702e-01    9.67254e-03    0.00000e+00
  125    9.55765e-01    1.25740e-02    0.00000e+00
  126    9.52414e-01   -7.28200e-03    0.00000e+00
  127    9.51739e-01   -5.41776e-04    0.00000e+00
  128    9.51745e-01    5.08624e-03    0.00000e+00
  129    9.51930e-01    7.51239e-03    0.00000e+00
  130    9.52221e-01    1.03908e-02    0.00000e+00
  131    9.52414e-01    1.33750e-02    0.00000e+00
  132    9.48497e-01    4.12279e-03    0.00000e+00
  133    9.48130e-01    7.75577e-03    0.00000e+00
  134    9.48544e-01    1.10216e-02    0.00000e+00
  135    9.49069e-01    1.41672e-02    0.00000e+00
  136    9.45503e-01   -8.07600e-03    0.00000e+00
  137    9.43853e-01   -1.76026e-03    0.00000e+00
  138    9.45503e-01    1.50120e-02    0.00000e+00
  139    9.44649e-01    1.17619e-02    0.00000e+00
  140    9.43652e-01    8.29898e-03    0.00000e+00
  141    9.42096e-01    4.06836e-03    0.00000e+00
  142    9.41931e-01    1.58497e-02    0.00000e+00
  143    9.40880e-01    1.26642e-02    0.00000e+00
  144    9.39870e-01    9.49290e-03    0.00000e+00
  145    9.39027e-01    6.79707e-03    0.00000e+00
  146    9.38153e-01   -8.91500e-03    0.00000e+00
  147    9.36736e-01   -2.85309e-03    0.00000e+00
  148    9.38153e-01    1.67360e-02    0.00000e+00
  149    9.35795e-01    2.61863e-03    0.00000e+00
  150    9.37059e-01    1.34950e-02    0.00000e+00
  151    9.35922e-01    1.02113e-02    0.00000e+00
  152    9.35253e-01    6.71297e-03    0.00000e+00
  153    9.34359e-01    1.76171e-02    0.00000e+00
  154    9.33134e-01    1.42719e-02    0.00000e+00
  155    9.31789e-01    1.08615e-02    0.00000e+00
  156    9.30511e-01    7.02754e-03    0.00000e+00
