function [Coordinates,Elements] = callesferita
Coordinates = [  
    1    -0.359024654    -0.828426702     0.429895915
    2    -0.270743407    -0.817583727     0.508187816
    3    -0.324534267    -0.888456538     0.324534267
    4    -0.381808534    -0.755161827     0.532872272
    5    -0.434656094    -0.839560046     0.325903376
    6    -0.195533644    -0.889789256     0.412361097
    7    -0.532872272    -0.755161828     0.381808534
    8    -0.283044656    -0.747175063     0.601344451
    9    -0.508187816    -0.817583727     0.270743407
   10    -0.173534433     -0.81142969     0.558092877
   11    -0.190203778    -0.932773687     0.306195644
   12     -0.41236108    -0.889789245     0.195533728
   13     -0.11559521    -0.881619036     0.457586738
   14     -0.54861466    -0.675034983     0.493304903
   15    -0.391514088    -0.672513105     0.628046847
   16    -0.306195607    -0.932773692     0.190203812
   17    -0.224367363    -0.948324087     0.224367363
   18    -0.180543456    -0.746578855     0.640331222
   19    -0.083285461    -0.855396322     0.511234452
   20    -0.601344451    -0.747175063     0.283044656
   21   -0.0829105104    -0.936619856     0.340395494
   22    -0.628046847    -0.672513105     0.391514088
   23    -0.286125503    -0.664042873     0.690781629
   24   -0.0869794899    -0.801309674     0.591893043
   25    -0.558092877     -0.81142969     0.173534433
   26    -0.457586738    -0.881619035     0.115595219
   27    -0.496407248    -0.580749731     0.645220578
   28    -0.340395474    -0.936619861    0.0829105386
   29               0    -0.895163291     0.445738356
   30    -0.182232909    -0.673971846     0.715928151
   31   -0.0885806003    -0.739129064     0.667713789
   32               0    -0.850217136     0.526432163
   33    -0.385256152    -0.583222365     0.715142902
   34    -0.511234467    -0.855396318      0.08328541
   35               0    -0.932472229     0.361241666
   36    -0.111098872    -0.977779079     0.177778269
   37    -0.645220577    -0.580749731     0.496407248
   38    -0.640331222    -0.746578855     0.180543456
   39    -0.177778269    -0.977779079     0.111098872
   40    -0.690781629    -0.664042873     0.286125503
   41               0    -0.798017227     0.602634636
   42               0    -0.961825643      0.27366299
   43    -0.591893043    -0.801309674    0.0869794899
   44   -0.0857975964    -0.677234968     0.730747269
   45    -0.715142902    -0.583222365     0.385256152
   46    -0.361241666    -0.932472229               0
   47               0    -0.739008917     0.673695644
   48    -0.445738356    -0.895163291               0
   49    0.0832854101    -0.855396318     0.511234467
   50    -0.160357985    -0.610782831     0.775389999
   51     -0.27366299    -0.961825643               0
   52    -0.715928151    -0.673971846     0.182232909
   53    -0.526432163    -0.850217136               0
   54               0      -0.9829731     0.183749518
   55    0.0829105398    -0.936619861     0.340395473
   56    -0.667713789    -0.739129064    0.0885806003
   57    -0.590364966    -0.479834506     0.649020842
   58    -0.272487379    -0.541119155     0.795575697
   59    -0.483077558     -0.48218717     0.730843079
   60    0.0869794899    -0.801309674     0.591893043
   61      0.11559522    -0.881619035     0.457586737
   62    -0.183749518      -0.9829731               0
   63    -0.602634636    -0.798017227               0
   64               0    -0.673695644     0.739008917
   65    -0.366048576    -0.485129466     0.794139687
   66   -0.0835040258    -0.610112442     0.787902206
   67    -0.730843079     -0.48218717     0.483077558
   68    0.0885806003    -0.739129064     0.667713789
   69    -0.172749527     -0.54351251     0.821432743
   70    -0.778600962    -0.569601549     0.263314675
   71               0    -0.995734176    0.0922683595
   72    -0.340395474    -0.936619861   -0.0829105396
   73    -0.730747269    -0.677234968    0.0857975964
   74   -0.0922683595    -0.995734176               0
   75    -0.511234467    -0.855396318   -0.0832854101
   76    -0.673695644    -0.739008917               0
   77    -0.775389999    -0.610782831     0.160357985
   78     0.173534433     -0.81142969     0.558092877
   79     0.111098872    -0.977779079     0.177778269
   80    -0.457586738    -0.881619035     -0.11559522
   81    0.0857975964    -0.677234968     0.730747269
   82    -0.794139687    -0.485129466     0.366048576
   83     0.195533729    -0.889789245     0.412361081
   84               0    -0.602634636     0.798017227
   85    -0.591893043    -0.801309674   -0.0869794899
   86     0.190203813    -0.932773692     0.306195607
   87   -0.0816986766    -0.538294676      0.83878732
   88    -0.570989743    -0.376256188      0.72965882
   89     0.180543456    -0.746578855     0.640331222
   90               0              -1               0
   91    -0.177778271    -0.977779079    -0.111098872
   92    -0.787902206    -0.610112442    0.0835040258
   93    -0.739008917    -0.673695644               0
   94    -0.821432743     -0.54351251     0.172749527
   95    -0.154215865    -0.470832095     0.868639514
   96    -0.276876926    -0.414060811     0.867117531
   97    0.0835040258    -0.610112442     0.787902206
   98    -0.667713789    -0.739129064   -0.0885806003
   99               0    -0.526432163     0.850217136
  100     0.224367363    -0.948324087     0.224367363
  101     -0.41236108    -0.889789245    -0.195533729
  102    -0.306195607    -0.932773692    -0.190203813
  103     0.182232909    -0.673971846     0.715928151
  104    -0.804466855    -0.379011533     0.457365649
  105     0.270743407    -0.817583727     0.508187816
  106    -0.558092877     -0.81142969    -0.173534433
  107     0.177778269    -0.977779079     0.111098872
  108    0.0922683595    -0.995734176               0
  109   -0.0803961773    -0.462355807      0.88304222
  110    -0.451075764    -0.326927355     0.830451178
  111    -0.730747269    -0.677234968   -0.0857975964
  112    -0.798017227    -0.602634636               0
  113               0    -0.995734176   -0.0922683595
  114    -0.647605063    -0.303801037     0.698793683
  115     -0.83878732    -0.538294676    0.0816986766
  116     0.160358009    -0.610782838     0.775389988
  117    -0.167638697    -0.398509472     0.901713629
  118    0.0816987103     -0.53829465     0.838787333
  119    -0.753817976    -0.309451846     0.579653357
  120     0.283044656    -0.747175063     0.601344451
  121    -0.111098872    -0.977779079    -0.177778269
  122    -0.640331222    -0.746578855    -0.180543456
  123    -0.224367363    -0.948324086    -0.224367363
  124    -0.868639514    -0.470832095     0.154215865
  125    -0.874409221    -0.407235986     0.263756264
  126     0.324534267    -0.888456538     0.324534267
  127               0    -0.445738356     0.895163291
  128    -0.787902206    -0.610112442   -0.0835040258
  129    -0.560546325    -0.253555036     0.788351229
  130     0.183749518      -0.9829731               0
  131     0.306195644    -0.932773687     0.190203778
  132     0.286125513    -0.664042878      0.69078162
  133    -0.508187816    -0.817583727    -0.270743407
  134     0.359024654    -0.828426702     0.429895915
  135   -0.0796285128     -0.38290564     0.920349157
  136     0.172749582    -0.543512513      0.82143273
  137    -0.850217136    -0.526432163               0
  138    -0.352515717    -0.275466821     0.894343726
  139    -0.715928151    -0.673971846    -0.182232909
  140               0      -0.9829731    -0.183749518
  141     -0.88304222    -0.462355807    0.0803961772
  142    0.0803961436    -0.462355801     0.883042226
  143    -0.901713629    -0.398509472     0.167638697
  144    -0.151530178    -0.318345729     0.935785554
