1048
52404	52403
52166	52165
49524	49525
47390	47391
52999	53000
48712	48713
45309	45310
53288	53287
50109	50108
43264	43263
53642	53643
41003	41004
54295	54296
44520	44521
39354	39353
54481	54480
40427	40428
51439	51438
37227	37228
54746	54747
35033	35034
55568	55567
43212	43211
33376	33377
55828	55829
34599	34598
53338	53339
56722	56721
31421	31422
57502	57501
28838	28839
36839	36840
53618	53619
31950	31951
46072	46071
29070	29071
55587	55588
29418	29419
49944	49943
54277	54278
42312	42313
29929	29930
52325	52324
33485	33486
50521	50520
46165	46166
30289	30290
30904	30905
48589	48588
35214	35215
31975	31976
46824	46823
42615	42614
32878	32877
45099	45098
33883	33884
43403	43402
37842	37843
41604	41605
34828	34827
36086	36085
40079	40078
38522	38523
58708	24967
58926	25686
57632	21888
56755	19805
59564	27990
59949	29467
57796	22350
55843	17891
58763	25154
54864	16138
60281	30734
53737	14279
60735	32635
56117	18455
52909	13060
60984	33776
54298	15144
60003	29712
52078	11811
61256	35000
51041	10419
61613	36998
56499	19296
50135	9290
61817	38322
51392	10918
61219	34880
49275	8254
62079	40390
48297	7124
62313	42862
54100	14804
61565	36698
49664	8735
59281	26932
62080	40389
51650	11193
50124	9275
60842	33138
61907	39055
58245	23572
51042	10420
61614	36997
53380	13719
51998	11691
60002	29711
61406	35780
60983	33775
52744	12813
53902	14526
60628	32234
56118	18456
58911	25659
60280	30733
54898	16210
55844	17890
59912	29329
58109	23147
56754	19806
59563	27989
57631	21889
59235	26766
58922	25674
3734	62474
4450	62515
2824	62399
4804	62539
2088	62324
3074	62424
5055	62549
1560	62256
5521	62568
1115	62166
1496	62243
6096	62589
784	62100
4025	62488
547	62031
7035	62621
7747	62643
743	62087
331	61942
5392	62558
8534	62655
191	61870
1412	62231
333	61944
9546	62665
100	61823
7183	62624
37	61776
798	62105
9963	62672
4156	62496
92	61819
9	61733
12239	62685
10373	62674
39	61777
7184	62623
202	61877
9547	62666
99	61822
2466	62367
189	61869
8784	62660
339	61945
7617	62642
4714	62531
742	62088
532	62017
6885	62617
3692	62471
748	62090
6344	62600
5522	62567
1116	62167
1980	62310
5054	62548
3075	62425
1610	62265
4705	62530
2127	62329
4451	62516
3101	62426
4219	62502
53053	35586
59715	48052
57927	43757
55664	39532
51911	33919
61172	52450
60511	50328
58900	45936
56875	41713
54389	37535
50152	31501
48735	29512
46633	26605
44583	23767
60291	49635
58560	45152
56356	40719
53655	36427
50662	32169
47577	27922
42982	21665
61177	52470
44492	23649
61334	52906
41254	19554
60014	48900
61352	52960
39519	17541
56170	40384
53269	35904
50033	31322
44526	23685
61502	53546
38062	15920
60260	49543
39575	17609
57943	43785
61547	53739
36486	14206
61657	54217
34815	12496
60597	50584
58366	44698
52737	35086
33673	11340
61839	54993
46577	26535
35243	12950
39110	17097
61893	55290
32426	10176
60991	51857
58887	45913
62028	55879
30921	8813
54663	37977
61562	53820
62137	56471
29949	7960
35009	12718
48638	29399
31508	9327
62247	57119
29801	7833
57240	42315
27959	6302
61623	54082
38462	16338
59935	48628
62184	56781
28080	6388
33503	11168
61198	52530
30259	8224
62000	55736
43857	22784
28227	6503
53477	36187
61744	54620
28518	6746
60543	50448
57985	43879
31198	9059
61487	53514
29179	7305
61146	52368
29781	7820
46861	26908
56664	41277
59417	47258
41956	20400
30464	8418
60840	51331
36882	14616
32755	10483
60417	50060
31252	9114
55321	38963
58722	45522
60045	48979
32199	9965
39003	16949
50062	31386
44826	24103
35433	13109
59825	48288
33204	10894
57577	43027
59316	46997
34277	11963
37520	15275
58982	46114
35446	13123
52931	35413
48278	28927
43684	22593
40276	18417
56695	41328
58633	45321
36637	14385
55945	39988
51025	32667
49189	30158
47360	27640
43941	22902
42293	20825
40674	18890
39135	17124
58332	44623
54310	37421
45533	25052
52965	35453
87	54906
346	55538
1508	57088
2900	58120
5	54544
40	54755
192	55186
530	55857
1117	56672
2126	57598
3736	58549
792	56238
4953	59089
13	54608
41	54761
496	55793
121	55000
1460	57039
3470	58432
6246	59534
43	54765
89	54911
7264	59855
120	55001
5709	59360
190	55188
8359	60194
507	55815
3271	58335
1270	56837
305	55468
9598	60529
335	55511
7396	59900
438	55692
531	55858
11230	60931
783	56232
12404	61189
10315	60707
6819	59717
927	56434
1118	56674
14008	61508
1355	56929
15685	61735
1611	57193
4533	58916
13213	61363
9663	60545
2128	57600
17566	61980
1979	57493
1884	57416
2826	58083
19581	62162
16839	61886
13032	61331
3733	58551
21777	62327
9433	60488
3471	58433
3942	58651
6436	59613
3270	58338
20994	62282
24159	62454
3814	58592
5371	59241
15936	61770
5235	59198
20486	62239
6245	59535
24269	62457
11979	61091
24883	62486
7263	59857
6970	59780
6818	59718
17026	61908
7397	59902
21385	62307
25093	62494
8626	60267
25969	62534
9653	60541
11980	61092
18577	62081
22774	62379
15986	61783
10945	60867
26433	62550
10794	60828
10977	60879
27539	62583
12405	61191
24728	62484
14007	61510
28258	62604
14942	61649
15937	61773
17027	61909
18579	62082
22239	62350
29339	62634
16033	61792
27717	62588
17523	61974
30517	62651
28685	62618
19580	62163
31772	62668
20038	62196
20489	62241
21384	62308
27126	62573
25305	62505
23343	62417
33131	62679
23905	62440
24030	62446
24271	62458
25092	62495
25693	62523
26434	62552
28256	62605
29342	62633
30515	62652
31770	62667
33130	62678
24884	62487
27540	62584
62511	25464
62620	28697
62455	24160
62459	24272
62478	24637
62525	25692
62551	26432
62576	27280
62635	29340
62653	30514
62669	31769
62681	33128
62328	21776
62680	33129
62283	20993
62338	21982
62512	25479
62240	20488
62380	22773
62574	27124
62164	19579
62670	31771
62619	28684
62016	17913
62654	30516
61887	16838
62575	27125
61740	15728
62636	29341
61772	15935
61910	17024
62083	18576
62351	22238
61553	14322
62501	25227
62606	28257
61364	13212
61332	13031
61190	12406
62585	27538
60932	11229
62562	26890
61782	15985
60646	10062
62381	22775
60544	9662
62084	18578
61093	11978
60531	9599
62524	25691
62510	25463
60196	8361
62306	21383
59720	6820
61911	17025
59759	6915
59856	7262
62479	24638
59595	6384
59536	6247
62460	24270
59196	5233
62242	20487
61771	15934
60239	8519
59328	5615
62462	24335
60808	10728
59090	4954
62441	23904
58336	3269
62195	20039
58434	3473
58550	3737
58019	2729
62160	19549
58121	2901
59781	6971
58652	3943
60880	10978
61650	14943
57612	2151
61981	17567
57040	1461
56838	1271
61796	16044
57148	1561
56709	1145
56930	1356
61509	14006
58593	3815
59719	6821
60647	10063
56244	797
61184	12390
55827	516
55816	508
55860	533
60930	11226
59901	7395
55539	347
60530	9597
58337	3272
55693	439
57417	1885
55187	193
60195	8360
55003	122
59197	5234
54907	88
59865	7283
54756	38
59537	6248
55002	119
55512	334
58435	3472
57462	1945
56433	928
59156	5122
54702	28
54545	6
54609	12
54757	36
54932	101
55859	534
56231	785
56673	1119
57599	2125
58082	2825
58552	3735
55467	306
57192	1609
55208	194
37486	54342
27968	47618
20725	42209
35461	52976
44622	58331
39989	55944
30159	49190
25184	45641
22901	43940
18889	40675
32542	50946
17087	39100
45530	58726
14386	36638
41327	56694
35412	52932
27761	47444
22895	43938
18764	40585
46113	58981
13124	35447
15276	37521
47167	59388
11753	34072
43026	57576
10833	33143
47934	59675
24104	44827
31387	50063
12982	35280
16950	39004
48978	60044
9966	32198
45012	58504
38962	55320
50061	60418
9148	31288
10443	32721
14615	36881
51332	60841
8419	30465
47755	59622
20399	41955
41278	56665
26909	46862
52367	61145
7661	29579
53515	61488
7304	29180
49837	60342
9058	31197
43878	57984
6747	28517
54621	61745
36186	53478
52804	61300
6502	28226
22785	43858
55735	61999
8225	30260
11169	33504
56780	62183
6389	28081
48627	59934
16337	38461
54081	61622
6301	27958
42316	57241
7834	29800
30532	49442
57120	62248
9328	31507
12719	35010
56470	62136
7961	29948
53819	61561
23430	44353
37978	54662
8798	30893
55880	62029
45912	58886
51856	60990
55291	61892
10102	32352
17096	39109
12949	35242
54994	61840
11421	33749
30250	49251
44697	58365
50583	60596
54216	61656
12707	35002
14291	36557
53740	61548
43784	57942
49544	60261
17584	39556
15826	37967
53547	61501
23686	44527
40383	56169
35903	53268
31323	50034
17316	39316
52961	61353
48899	60013
19452	41157
52905	61335
23648	44493
52469	61178
21664	42983
49636	60292
45151	58559
40718	56355
36428	53654
32168	50661
27923	47578
23766	44582
26604	46634
52449	61171
50327	60512
43796	57954
41712	56874
37534	54388
31500	50153
29511	48734
48051	59714
39533	55663
33918	51910
46309	59057
35585	53052
52620	52621
52620	61232
54532	54533
54532	4
50596	50597
50596	60600
54638	54636
54638	20
48415	48416
48415	59853
54814	54812
54814	53
46314	46313
46314	59059
55013	55011
55013	130
44236	44237
44236	58153
55313	55312
55313	242
42164	42165
42164	57169
55632	55631
55632	405
40115	40116
40115	56008
56005	56007
56005	639
38131	38132
38131	54776
56418	56419
56418	915
36204	36205
36204	53489
56859	56856
56859	1297
34268	34269
34268	52180
57352	57351
57352	1806
32361	32362
32361	50788
57804	57803
57804	2407
30459	30460
30459	49417
58295	58298
58295	3205
28628	28627
28628	48088
58781	58780
58781	4201
26913	26912
26913	62565
58235	58236
58235	44422
27086	27085
27086	62570
57054	57053
57054	41992
27419	27416
27419	62580
55662	55661
55662	39531
27849	27847
27849	62594
54135	54136
54135	37158
28388	28387
28388	62611
52499	52498
52499	34725
29035	29036
29035	62626
50749	50748
50749	32314
29847	29845
29847	62645
48947	48948
48947	29848
30686	30685
30686	62658
47172	47173
47172	27362
31661	31662
31661	62663
45480	45481
45480	24964
32760	32761
32760	62675
43812	43813
43812	22739
33914	33917
33914	62684
42221	42222
42221	20744
35071	35072
35071	62687
40641	40642
40641	18854
36397	36395
36397	62691
39159	39160
39159	17147
58519	24386
58519	62467
59498	27796
59498	6134
57701	22069
57701	62341
59794	28793
59794	6994
56814	19937
56814	62186
60065	29966
60065	7978
55873	17951
55873	62022
60364	31178
60364	9033
54868	16151
54868	61808
60681	32468
60681	10229
53865	14474
53865	61574
60994	33846
60994	11521
52836	12959
52836	61312
61310	35256
61310	12961
51871	11518
51871	60993
61576	36749
61576	14476
50881	10228
50881	60682
61805	38264
61805	16150
49919	9031
49919	60361
62025	39869
62025	17952
49034	7975
49034	60066
62188	41573
62188	19938
48202	6997
48202	59795
62343	43298
62343	22070
47465	6136
47465	59499
62466	45050
62466	24387
47464	6135
47464	59501
62464	45049
62464	24388
48201	6996
48201	59796
62344	43299
62344	22071
49033	7976
49033	60064
62189	41574
62189	19939
49920	9032
49920	60363
62024	39870
62024	17950
50880	10230
50880	60684
61807	38263
61807	16149
51872	11520
51872	60995
61575	36750
61575	14473
52835	12960
52835	61313
61311	35255
61311	12958
53866	14475
53866	61573
60996	33847
60996	11519
54869	16148
54869	61806
60683	32467
60683	10227
55874	17949
55874	62023
60362	31179
60362	9034
56815	19936
56815	62187
60063	29967
60063	7977
57700	22072
57700	62342
59793	28794
59793	6995
58518	24389
58518	62465
59500	27795
59500	6137
5469	62564
5469	26911
4202	62500
4202	58779
5599	62571
5599	27083
3207	62434
3207	58297
5857	62581
5857	27418
2406	62361
2406	57802
6181	62592
6181	27846
1807	62290
1807	57353
6632	62609
6632	28390
1296	62199
1296	56857
7206	62625
7206	29037
914	62126
914	56421
7872	62647
7872	29849
641	62049
641	56006
8622	62657
8622	30687
406	61970
406	55633
9485	62662
9485	31660
244	61898
244	55315
10489	62676
10489	32759
128	61848
128	55014
11583	62682
11583	33916
52	61795
52	54813
12789	62688
12789	35073
19	61750
19	54635
14113	62689
14113	36398
3	61725
3	54531
14114	62690
14114	36396
2	61724
2	54530
12788	62686
12788	35070
18	61749
18	54637
11584	62683
11584	33915
54	61794
54	54811
10488	62677
10488	32762
129	61849
129	55012
9484	62664
9484	31659
243	61897
243	55314
8621	62656
8621	30688
407	61971
407	55634
7871	62646
7871	29846
640	62050
640	56009
7207	62627
7207	29038
916	62125
916	56420
6631	62610
6631	28389
1295	62200
1295	56858
6182	62593
6182	27848
1808	62291
1808	57350
5856	62579
5856	27417
2405	62362
2405	57801
5600	62572
5600	27084
3206	62433
3206	58296
5470	62566
5470	26910
4200	62499
4200	58778
54508	54509
54508	61715
54508	1
26846	26844
26846	46806
26846	62559
59257	59258
59257	5418
59257	46807
37738	37739
37738	62692
37738	15561
59259	26845
59259	62561
59259	5417
59260	26843
59260	5419
59260	62560