%% Data file

Data_prb = {
'TRIANGLE' ;
'SI' ;
'2D' ;
'Plane_Stress' ;
'ELASTIC' ;
'MICRO' ;
};


coord = [
1 0 0 0
2 1 0 0
3 1.5 0.866025 0
4 1 1.73205 0
5 0 1.73205 0
6 -0.5 0.866025 0
7 0.2 0 0
8 0.4 0 0
9 0.6 0 0
10 0.8 0 0
11 1.1 0.173205 0
12 1.2 0.34641 0
13 1.3 0.519615 0
14 1.4 0.69282 0
15 1.4 1.03923 0
16 1.3 1.21244 0
17 1.2 1.38564 0
18 1.1 1.55885 0
19 0.8 1.73205 0
20 0.6 1.73205 0
21 0.4 1.73205 0
22 0.2 1.73205 0
23 -0.1 1.55885 0
24 -0.2 1.38564 0
25 -0.3 1.21244 0
26 -0.4 1.03923 0
27 -0.4 0.69282 0
28 -0.3 0.519615 0
29 -0.2 0.34641 0
30 -0.1 0.173205 0
31 0.5 0.866025 0
32 0.1 0.173205 0
33 0.9 0.173205 0
34 1.3 0.866025 0
35 0.9 1.55885 0
36 0.1 1.55885 0
37 -0.3 0.866025 0
38 0.3 0.173205 0
39 0.5 0.173205 0
40 0.7 0.173205 0
41 1 0.34641 0
42 1.1 0.519615 0
43 1.2 0.69282 0
44 1.2 1.03923 0
45 1.1 1.21244 0
46 1 1.38564 0
47 0.7 1.55885 0
48 0.5 1.55885 0
49 0.3 1.55885 0
50 0 1.38564 0
51 -0.1 1.21244 0
52 -0.2 1.03923 0
53 -0.2 0.69282 0
54 -0.1 0.519615 0
55 5.55112e-17 0.34641 0
56 0.2 0.34641 0
57 0.8 0.34641 0
58 1.1 0.866025 0
59 0.8 1.38564 0
60 0.2 1.38564 0
61 -0.1 0.866025 0
62 0.35 0.34641 0
63 0.5 0.34641 0
64 0.65 0.34641 0
65 0.9 0.519615 0
66 1 0.69282 0
67 1.025 0.995929 0
68 0.95 1.12583 0
69 0.875 1.25574 0
70 0.65 1.38564 0
71 0.5 1.38564 0
72 0.35 1.38564 0
73 0.1 1.21244 0
74 2.77556e-17 1.03923 0
75 -0.025 0.736122 0
76 0.05 0.606218 0
77 0.125 0.476314 0
78 0.3 0.519615 0
79 0.7 0.519615 0
80 0.9 0.866025 0
81 0.7 1.21244 0
82 0.3 1.21244 0
83 0.1 0.866025 0
84 0.433333 0.519615 0
85 0.566667 0.519615 0
86 0.8 0.69282 0
87 0.833333 0.981495 0
88 0.766667 1.09697 0
89 0.566667 1.21244 0
90 0.433333 1.21244 0
91 0.2 1.03923 0
92 0.166667 0.750555 0
93 0.233333 0.635085 0
94 0.4 0.69282 0
95 0.6 0.69282 0
96 0.7 0.866025 0
97 0.6 1.03923 0
98 0.4 1.03923 0
99 0.3 0.866025 0
100 0.5 0.69282 0
101 0.65 0.952628 0
102 0.5 1.03923 0
103 0.35 0.779423 0
];

pointload = [
];



connec = [
1 65 42 66
2 44 58 34
3 49 36 60
4 90 82 98
5 71 48 72
6 63 85 84
7 37 27 53
8 54 29 55
9 29 28 27
10 76 54 77
11 78 94 93
12 53 27 28
13 64 79 85
14 39 38 8
15 55 77 54
16 52 74 51
17 37 53 61
18 97 81 89
19 51 25 52
20 94 100 31
21 52 25 26
22 31 102 98
23 99 91 83
24 58 80 66
25 81 59 70
26 46 35 59
27 48 21 49
28 35 18 4
29 46 59 69
30 43 66 42
31 79 86 95
32 45 67 44
33 13 12 14
34 43 42 13
35 85 95 100
36 79 65 86
37 7 32 1
38 33 10 2
39 9 39 8
40 42 65 41
41 40 10 33
42 32 38 56
43 94 78 84
44 56 38 62
45 29 27 1
46 30 29 1
47 30 55 29
48 30 1 32
49 8 38 7
50 9 40 39
51 78 62 84
52 56 55 32
53 30 32 55
54 7 38 32
55 78 56 62
56 78 77 56
57 76 77 93
58 55 56 77
59 75 76 92
60 77 78 93
61 85 100 84
62 103 92 93
63 31 103 94
64 98 82 91
65 93 94 103
66 84 100 94
67 28 54 53
68 91 82 73
69 92 76 93
70 75 53 54
71 75 54 76
72 28 29 54
73 1 27 6
74 75 61 53
75 75 92 83
76 27 37 6
77 61 74 52
78 75 83 61
79 92 103 99
80 83 74 61
81 73 60 50
82 6 37 26
83 37 52 26
84 37 61 52
85 91 73 74
86 50 23 24
87 25 24 23
88 25 51 24
89 23 36 5
90 25 23 5
91 24 51 50
92 73 50 51
93 36 23 50
94 72 60 82
95 36 50 60
96 5 36 22
97 22 49 21
98 22 36 49
99 90 72 82
100 49 60 72
101 47 20 48
102 48 49 72
103 97 89 102
104 71 72 90
105 74 73 51
106 82 60 73
107 83 91 74
108 83 92 99
109 31 98 99
110 103 31 99
111 99 98 91
112 102 90 98
113 88 81 97
114 89 71 90
115 69 59 81
116 97 102 101
117 101 88 97
118 88 69 81
119 96 87 101
120 87 67 68
121 102 89 90
122 81 70 89
123 70 48 71
124 70 47 48
125 48 20 21
126 89 70 71
127 59 35 47
128 59 47 70
129 35 19 47
130 87 68 88
131 46 18 35
132 47 19 20
133 35 4 19
134 16 15 4
135 68 45 69
136 44 15 16
137 18 17 4
138 18 46 17
139 17 16 4
140 17 46 45
141 17 45 16
142 46 69 45
143 101 87 88
144 80 67 87
145 88 68 69
146 67 45 68
147 45 44 16
148 58 66 43
149 15 3 4
150 34 43 14
151 43 13 14
152 42 12 13
153 3 34 14
154 44 67 58
155 34 58 43
156 67 80 58
157 15 34 3
158 15 44 34
159 87 96 80
160 101 31 96
161 95 31 100
162 101 102 31
163 86 96 95
164 96 31 95
165 40 57 64
166 86 80 96
167 57 65 79
168 66 80 86
169 39 64 63
170 40 33 57
171 62 63 84
172 79 95 85
173 64 39 40
174 62 38 39
175 39 63 62
176 64 85 63
177 10 40 9
178 64 57 79
179 41 12 42
180 86 65 66
181 57 33 41
182 57 41 65
183 33 2 11
184 41 11 12
185 41 33 11
];

%% Variable Prescribed
% Node 	 Dimension 	 Value

dirichlet_data = [
1 1 0
1 2 0
2 1 0
2 2 0
3 1 0
3 2 0
4 1 0
4 2 0
5 1 0
5 2 0
6 1 0
6 2 0
];


%% Force Prescribed
% Node 	 Dimension 	 Value

pointload_complete = [
];


%% Volumetric Force
% Element 	 Dimension 	 Force_Dim

Vol_force = [
];


%% Group Elements
% Element 	 Group_num

Group = [
];


%% Group Elements
% Elements that are considered holes initially
% Element

Initial_holes = [
];


%% Boundary Elements
% Elements that can not be removed
% Element

Boundary_elements = [
];


%% Micro Gauss Post
% Element

Micro_gauss_post = [
];


%% Master-Slave

Master_slave = [
7 22
8 21
9 20
10 19
11 26
12 25
13 24
14 23
15 30
16 29
17 28
18 27
];

%% Nodes Solid
% Nodes that must remain
% Nodes

% nodesolid = 1;


%% External Border Elements
% Detect the elements that define the edge of the domain
% Element 	 Node(1) 	 Node(2)

External_border_elements = [
];


%% External Border Nodes
% Detect the nodes that define the edge of the domain
% Node 	 

External_border_nodes = [
];


%% Materials
% Materials that have been used
% Material_Num 	 Mat_density 	 Young_Modulus 	 Poisson

Materials = [
];